FIPS_code,State,County,Civilian_labor_force_2015,Employed_2015,Unemployed_2015,Unemployment_rate_2015,Civilian_labor_force_2016,Employed_2016,Unemployed_2016,Unemployment_rate_2016,Civilian_labor_force_2017,Employed_2017,Unemployed_2017,Unemployment_rate_2017,Civilian_labor_force_2018,Employed_2018,Unemployed_2018,Unemployment_rate_2018,Civilian_labor_force_2019,Employed_2019,Unemployed_2019,Unemployment_rate_2019,Civilian_labor_force_2020,Employed_2020,Unemployed_2020,Unemployment_rate_2020,Civilian_labor_force_2021,Employed_2021,Unemployed_2021,Unemployment_rate_2021,Median_Household_Income_2020,Med_HH_Income_Percent_of_State_Total_2020
1001,AL,"Autauga County, AL",25541,24206,1335,5,25710,24395,1315,5,26269,25224,1045,4,26475,25524,951,4,26684,25920,764,3,26405,24985,1420,5,26341,25599,742,3,67565,125
1003,AL,"Baldwin County, AL",87493,82619,4874,6,89778,84972,4806,5,93152,89286,3866,4,96252,92769,3483,4,98921,96044,2877,3,98910,92751,6159,6,99427,96481,2946,3,71135,132
1005,AL,"Barbour County, AL",8590,7823,767,9,8334,7638,696,8,8415,7914,501,6,8505,8071,434,5,8637,8292,345,4,8680,8004,676,8,8197,7728,469,6,38866,72
1007,AL,"Bibb County, AL",8552,7983,569,7,8539,7986,553,7,8648,8261,387,5,8698,8354,344,4,8772,8488,284,3,8712,8073,639,7,8560,8262,298,4,50907,94
1009,AL,"Blount County, AL",24416,23089,1327,5,24380,23061,1319,5,25009,23979,1030,4,25337,24454,883,4,25582,24861,721,3,25116,23973,1143,5,25127,24529,598,2,55203,102
1011,AL,"Bullock County, AL",4765,4385,380,8,4785,4457,328,7,4890,4644,246,5,4844,4619,225,5,4861,4673,188,4,4877,4582,295,6,4606,4422,184,4,33124,61
1013,AL,"Butler County, AL",9113,8417,696,8,9116,8484,632,7,9046,8536,510,6,9070,8642,428,5,9317,8956,361,4,9236,8345,891,10,8796,8328,468,5,42268,78
1015,AL,"Calhoun County, AL",45808,42566,3242,7,45450,42470,2980,7,46304,43960,2344,5,46805,44652,2153,5,46804,45064,1740,4,47022,43367,3655,8,46118,44212,1906,4,50259,93
1017,AL,"Chambers County, AL",14939,14031,908,6,14858,14044,814,6,15375,14734,641,4,15530,14929,601,4,15992,15502,490,3,16093,14884,1209,8,15752,15173,579,4,39318,73
1019,AL,"Cherokee County, AL",11132,10521,611,6,11241,10671,570,5,11470,10993,477,4,11813,11394,419,4,11906,11546,360,3,11672,11073,599,5,11808,11512,296,3,50388,93
1021,AL,"Chilton County, AL",19089,18005,1084,6,19029,17982,1047,6,19478,18667,811,4,19834,19121,713,4,20145,19567,578,3,19936,18839,1097,6,19811,19246,565,3,52693,98
1023,AL,"Choctaw County, AL",4369,3969,400,9,4292,3926,366,9,4460,4172,288,7,4800,4539,261,5,4722,4490,232,5,4699,4351,348,7,4591,4391,200,4,41649,77
1025,AL,"Clarke County, AL",7976,7036,940,12,7889,7030,859,11,7832,7153,679,9,7742,7170,572,7,7715,7251,464,6,7899,7116,783,10,7726,7264,462,6,44178,82
1027,AL,"Clay County, AL",5535,5194,341,6,5579,5247,332,6,5863,5603,260,4,6076,5845,231,4,6161,5969,192,3,6140,5865,275,5,6095,5930,165,3,44763,83
1029,AL,"Cleburne County, AL",5664,5321,343,6,5738,5394,344,6,5792,5525,267,5,5857,5610,247,4,5863,5669,194,3,5852,5556,296,5,5890,5739,151,3,50134,93
1031,AL,"Coffee County, AL",20222,19010,1212,6,20429,19227,1202,6,21128,20179,949,5,21233,20403,830,4,22076,21405,671,3,22008,20938,1070,5,21853,21243,610,3,54203,101
1033,AL,"Colbert County, AL",23550,21673,1877,8,23261,21640,1621,7,23525,22273,1252,5,23798,22713,1085,5,24079,23131,948,4,23895,22152,1743,7,23460,22524,936,4,54185,100
1035,AL,"Conecuh County, AL",4671,4238,433,9,4512,4131,381,8,4541,4257,284,6,4560,4325,235,5,4570,4380,190,4,4582,4214,368,8,4376,4164,212,5,34664,64
1037,AL,"Coosa County, AL",4416,4119,297,7,4344,4084,260,6,4430,4218,212,5,4475,4291,184,4,4575,4432,143,3,4428,4156,272,6,4343,4209,134,3,46509,86
1039,AL,"Covington County, AL",15422,14314,1108,7,15366,14325,1041,7,15901,15054,847,5,15820,15101,719,5,15788,15218,570,4,15342,14500,842,6,15215,14756,459,3,43544,81
1041,AL,"Crenshaw County, AL",6339,5957,382,6,6401,6024,377,6,6477,6177,300,5,6436,6177,259,4,6534,6340,194,3,6371,5971,400,6,6133,5931,202,3,45927,85
1043,AL,"Cullman County, AL",36296,34376,1920,5,37594,35720,1874,5,38258,36792,1466,4,38519,37263,1256,3,39130,38061,1069,3,38862,36992,1870,5,38858,37943,915,2,51844,96
1045,AL,"Dale County, AL",19789,18524,1265,6,19796,18648,1148,6,20166,19243,923,5,20478,19627,851,4,20920,20232,688,3,20928,19793,1135,5,20915,20257,658,3,48493,90
1047,AL,"Dallas County, AL",15555,14056,1499,10,15293,13880,1413,9,15211,14046,1165,8,15043,14073,970,6,14897,14044,853,6,14836,13091,1745,12,13959,12924,1035,7,37679,70
1049,AL,"DeKalb County, AL",28700,26949,1751,6,28996,27232,1764,6,29915,28541,1374,5,30616,29457,1159,4,31627,30695,932,3,31289,29721,1568,5,31097,30308,789,3,47156,87
1051,AL,"Elmore County, AL",36655,34803,1852,5,36921,35161,1760,5,37642,36222,1420,4,37993,36692,1301,3,37806,36767,1039,3,37662,35657,2005,5,37582,36560,1022,3,62524,116
1053,AL,"Escambia County, AL",14564,13535,1029,7,14433,13472,961,7,14613,13868,745,5,14581,13924,657,5,14843,14293,550,4,14604,13611,993,7,14000,13425,575,4,41212,76
1055,AL,"Etowah County, AL",42586,39936,2650,6,42914,40372,2542,6,43562,41517,2045,5,43714,41935,1779,4,43127,41603,1524,4,41417,37912,3505,9,39262,37658,1604,4,47872,89
1057,AL,"Fayette County, AL",6406,5954,452,7,6542,6100,442,7,6629,6309,320,5,6600,6333,267,4,6685,6466,219,3,6664,6294,370,6,6653,6449,204,3,45937,85
1059,AL,"Franklin County, AL",13628,12746,882,7,13752,12941,811,6,14134,13516,618,4,14445,13911,534,4,14815,14384,431,3,14567,13844,723,5,14304,13941,363,3,40448,75
1061,AL,"Geneva County, AL",10761,10120,641,6,10720,10097,623,6,10908,10423,485,4,10991,10559,432,4,11100,10755,345,3,11029,10520,509,5,10993,10684,309,3,39882,74
1063,AL,"Greene County, AL",2872,2552,320,11,2848,2564,284,10,2885,2662,223,8,2891,2700,191,7,2937,2765,172,6,3094,2728,366,12,2897,2698,199,7,33609,62
1065,AL,"Hale County, AL",6034,5562,472,8,5933,5478,455,8,6016,5650,366,6,6043,5739,304,5,6171,5915,256,4,6165,5529,636,10,5888,5553,335,6,41836,78
1067,AL,"Henry County, AL",6702,6243,459,7,6666,6231,435,7,6791,6453,338,5,6904,6600,304,4,6990,6725,265,4,6909,6535,374,5,6881,6662,219,3,51126,95
1069,AL,"Houston County, AL",44440,41655,2785,6,44185,41621,2564,6,45221,43200,2021,5,46072,44221,1851,4,47014,45523,1491,3,47221,44396,2825,6,46880,45286,1594,3,54391,101
1071,AL,"Jackson County, AL",23407,21840,1567,7,23390,21911,1479,6,23377,22231,1146,5,23665,22702,963,4,23691,22867,824,4,23091,21727,1364,6,22975,22316,659,3,46606,86
1073,AL,"Jefferson County, AL",310158,292165,17993,6,308632,290887,17745,6,313828,300153,13675,4,319219,307423,11796,4,321691,311970,9721,3,320394,298447,21947,7,317359,305782,11577,4,57802,107
1075,AL,"Lamar County, AL",5602,5246,356,6,5643,5324,319,6,5807,5558,249,4,5805,5586,219,4,5891,5700,191,3,5788,5474,314,5,5691,5521,170,3,40204,75
1077,AL,"Lauderdale County, AL",42544,39577,2967,7,42180,39490,2690,6,42539,40520,2019,5,42848,41068,1780,4,43111,41623,1488,4,42649,40026,2623,6,42080,40745,1335,3,52293,97
1079,AL,"Lawrence County, AL",13642,12582,1060,8,13607,12665,942,7,13795,13099,696,5,14196,13610,586,4,14452,13973,479,3,14528,13736,792,6,14378,13956,422,3,48924,91
1081,AL,"Lee County, AL",70690,66958,3732,5,71759,67995,3764,5,74311,71292,3019,4,76047,73298,2749,4,77544,75315,2229,3,76533,72090,4443,6,76658,74478,2180,3,58963,109
1083,AL,"Limestone County, AL",39848,37653,2195,6,40349,38229,2120,5,42005,40275,1730,4,43437,41904,1533,4,44948,43686,1262,3,45890,43726,2164,5,46572,45430,1142,3,70850,131
1085,AL,"Lowndes County, AL",3819,3376,443,12,3770,3371,399,11,3704,3393,311,8,3654,3389,265,7,3557,3342,215,6,3723,3182,541,15,3578,3248,330,9,37499,70
1087,AL,"Macon County, AL",7951,7307,644,8,7803,7208,595,8,7979,7508,471,6,7947,7520,427,5,7982,7627,355,4,8186,7327,859,11,7948,7471,477,6,37736,70
1089,AL,"Madison County, AL",170473,161071,9402,6,172125,163288,8837,5,177879,170808,7071,4,183502,177181,6321,3,187759,182655,5104,3,189632,179871,9761,5,192204,187100,5104,3,67810,126
1091,AL,"Marengo County, AL",7387,6820,567,8,7608,7063,545,7,7785,7338,447,6,7691,7313,378,5,7802,7513,289,4,7864,7319,545,7,7709,7384,325,4,43198,80
1093,AL,"Marion County, AL",12453,11583,870,7,12394,11572,822,7,12663,12041,622,5,12757,12241,516,4,12948,12472,476,4,13291,12545,746,6,13320,12941,379,3,44333,82
1095,AL,"Marshall County, AL",40290,37944,2346,6,41240,39034,2206,5,42557,40878,1679,4,43385,41930,1455,3,44730,43565,1165,3,44783,42700,2083,5,44714,43644,1070,2,51417,95
1097,AL,"Mobile County, AL",186483,173586,12897,7,186230,173856,12374,7,189017,178966,10051,5,191050,182174,8876,5,191722,184234,7488,4,195089,178158,16931,9,191711,182672,9039,5,50871,94
1099,AL,"Monroe County, AL",7324,6583,741,10,7255,6596,659,9,7302,6800,502,7,7265,6823,442,6,7440,7064,376,5,7626,6943,683,9,7356,6942,414,6,38812,72
1101,AL,"Montgomery County, AL",104799,98376,6423,6,104883,98929,5954,6,106956,102209,4747,4,107096,102844,4252,4,107721,104224,3497,3,108329,99047,9282,9,106663,101486,5177,5,49607,92
1103,AL,"Morgan County, AL",54782,51538,3244,6,54413,51395,3018,6,55665,53328,2337,4,57773,55769,2004,4,59179,57574,1605,3,59737,56771,2966,5,59256,57716,1540,3,55688,103
1105,AL,"Perry County, AL",3478,3129,349,10,3438,3083,355,10,3479,3202,277,8,3448,3225,223,7,3436,3248,188,6,3452,3038,414,12,3215,2948,267,8,33712,63
1107,AL,"Pickens County, AL",7987,7445,542,7,7702,7172,530,7,7808,7380,428,6,7829,7472,357,5,8028,7732,296,4,7688,7128,560,7,7501,7194,307,4,41870,78
1109,AL,"Pike County, AL",14904,13918,986,7,14825,13860,965,7,15469,14700,769,5,15424,14731,693,5,15570,15033,537,3,15841,14976,865,6,16017,15504,513,3,43141,80
1111,AL,"Randolph County, AL",9410,8852,558,6,9350,8827,523,6,9594,9163,431,5,9685,9299,386,4,9644,9333,311,3,9570,9063,507,5,9408,9150,258,3,46679,87
1113,AL,"Russell County, AL",24051,22614,1437,6,23338,22038,1300,6,23660,22613,1047,4,24279,23308,971,4,24075,23324,751,3,23819,22447,1372,6,23281,22566,715,3,40821,76
1115,AL,"St. Clair County, AL",38470,36452,2018,5,38757,36745,2012,5,39635,38024,1611,4,40548,39146,1402,4,41322,40148,1174,3,41389,39149,2240,5,41195,40108,1087,3,61973,115
1117,AL,"Shelby County, AL",107932,103362,4570,4,108670,103986,4684,4,112591,108871,3720,3,115854,112588,3266,3,118169,115441,2728,2,117880,112894,4986,4,118212,115683,2529,2,88444,164
1119,AL,"Sumter County, AL",5096,4687,409,8,5069,4678,391,8,5026,4689,337,7,4873,4591,282,6,4832,4601,231,5,4780,4410,370,8,4520,4317,203,5,32275,60
1121,AL,"Talladega County, AL",35052,32736,2316,7,34528,32244,2284,7,35049,33254,1795,5,35714,34201,1513,4,36213,34912,1301,4,36433,33605,2828,8,35695,34215,1480,4,44802,83
1123,AL,"Tallapoosa County, AL",18696,17550,1146,6,18426,17396,1030,6,18411,17618,793,4,18153,17406,747,4,18737,18145,592,3,18204,16822,1382,8,17910,17186,724,4,46654,87
1125,AL,"Tuscaloosa County, AL",98625,93229,5396,6,98431,92864,5567,6,101014,96711,4303,4,103605,99857,3748,4,106555,103529,3026,3,103776,96225,7551,7,101104,97442,3662,4,56610,105
1127,AL,"Walker County, AL",25503,23650,1853,7,25356,23465,1891,8,25189,23891,1298,5,25401,24330,1071,4,25542,24653,889,4,25210,23583,1627,7,25085,24174,911,4,46519,86
1129,AL,"Washington County, AL",6685,6086,599,9,6686,6109,577,9,6772,6304,468,7,6783,6392,391,6,6808,6474,334,5,6823,6219,604,9,6538,6233,305,5,36346,67
1131,AL,"Wilcox County, AL",2819,2404,415,15,2795,2391,404,15,2838,2507,331,12,2787,2524,263,9,2753,2547,206,8,2921,2449,472,16,2644,2353,291,11,31909,59
1133,AL,"Winston County, AL",9354,8645,709,8,9455,8783,672,7,9806,9301,505,5,9916,9503,413,4,10280,9922,358,4,10271,9734,537,5,10110,9830,280,3,46453,86
2013,AK,"Aleutians East Borough, AK",2472,2395,77,3,2589,2523,66,3,2544,2485,59,2,2316,2251,65,3,2552,2493,59,2,2515,2411,104,4,2558,2499,59,2,79128,99
2016,AK,"Aleutians West Census Area, AK",4060,3908,152,4,3982,3856,126,3,3745,3616,129,3,3639,3523,116,3,3645,3531,114,3,3835,3655,180,5,3625,3494,131,4,92216,115
2020,AK,"Anchorage Borough/municipality, AK",156476,148856,7620,5,155471,147254,8217,5,153774,145406,8368,5,150745,143226,7519,5,148655,141968,6687,5,147223,135682,11541,8,150276,141539,8737,6,84577,106
2050,AK,"Bethel Census Area, AK",7325,6304,1021,14,7219,6230,989,14,7323,6393,930,13,7131,6290,841,12,7086,6260,826,12,6987,6136,851,12,6956,6046,910,13,52214,65
2060,AK,"Bristol Bay Borough, AK",380,346,34,9,413,385,28,7,421,396,25,6,448,423,25,6,449,425,24,5,393,362,31,8,449,424,25,6,87032,109
2063,AK,"Chugach Census Area, AK",,,,,,,,,,,,,,,,,,,,,3251,2972,279,9,3412,3182,230,7,84063,105
2066,AK,"Copper River Census Area, AK",,,,,,,,,,,,,,,,,,,,,1290,1153,137,11,1356,1235,121,9,61215,77
2068,AK,"Denali Borough, AK",1066,976,90,8,1091,996,95,9,1146,1049,97,9,1064,987,77,7,1099,1017,82,8,645,534,111,17,855,769,86,10,80192,100
2070,AK,"Dillingham Census Area, AK",2033,1843,190,9,2073,1881,192,9,2049,1877,172,8,2017,1868,149,7,1982,1840,142,7,1721,1570,151,9,1709,1569,140,8,72334,91
2090,AK,"Fairbanks North Star Borough, AK",46308,43862,2446,5,46443,43824,2619,6,46422,43775,2647,6,45865,43466,2399,5,45374,43216,2158,5,44597,41628,2969,7,45375,43099,2276,5,76650,96
2100,AK,"Haines Borough, AK",1083,980,103,10,1071,966,105,10,1080,990,90,8,1102,1005,97,9,1131,1039,92,8,1021,854,167,16,1024,908,116,11,105044,131
2105,AK,"Hoonah-Angoon Census Area, AK",1128,962,166,15,1200,1064,136,11,1137,1006,131,12,1149,1017,132,12,1191,1070,121,10,1055,908,147,14,1156,1049,107,9,55593,70
2110,AK,"Juneau Borough/city, AK",17060,16283,777,5,17343,16599,744,4,17292,16547,745,4,17208,16520,688,4,17249,16565,684,4,16306,15168,1138,7,16734,15940,794,5,89204,112
2122,AK,"Kenai Peninsula Borough, AK",27557,25470,2087,8,27123,24906,2217,8,26823,24745,2078,8,26557,24703,1854,7,26483,24857,1626,6,26625,24098,2527,10,27945,25911,2034,7,68448,86
2130,AK,"Ketchikan Gateway Borough, AK",6944,6482,462,7,7019,6581,438,6,7094,6686,408,6,7027,6641,386,6,7004,6614,390,6,6481,5823,658,10,6604,6118,486,7,76780,96
2150,AK,"Kodiak Island Borough, AK",6608,6300,308,5,6418,6101,317,5,6320,6025,295,5,6150,5820,330,5,5971,5674,297,5,6068,5666,402,7,6015,5629,386,6,72028,90
2158,AK,"Kusilvak Census Area, AK",2787,2160,627,23,2706,2142,564,21,2735,2227,508,19,2678,2188,490,18,2650,2178,472,18,2288,1817,471,21,2347,1880,467,20,37566,47
2164,AK,"Lake and Peninsula Borough, AK",643,565,78,12,653,575,78,12,716,637,79,11,744,668,76,10,709,645,64,9,613,543,70,11,649,591,58,9,54386,68
2170,AK,"Matanuska-Susitna Borough, AK",46057,42633,3424,7,47353,43613,3740,8,48262,44526,3736,8,48071,44766,3305,7,48235,45267,2968,6,48388,44183,4205,9,49487,46130,3357,7,89502,112
2180,AK,"Nome Census Area, AK",4065,3596,469,12,4072,3574,498,12,4091,3626,465,11,4099,3670,429,11,4024,3624,400,10,3939,3508,431,11,4088,3693,395,10,64309,80
2185,AK,"North Slope Borough, AK",4296,4059,237,6,3951,3694,257,7,3598,3348,250,7,3413,3198,215,6,3552,3348,204,6,3164,2971,193,6,2918,2733,185,6,94759,119
2188,AK,"Northwest Arctic Borough, AK",2893,2444,449,16,2950,2496,454,15,2945,2496,449,15,2923,2552,371,13,2904,2533,371,13,2941,2570,371,13,2914,2578,336,12,65194,82
2195,AK,"Petersburg Borough, AK",1490,1361,129,9,1447,1322,125,9,1414,1292,122,9,1387,1277,110,8,1410,1299,111,8,1430,1301,129,9,1621,1508,113,7,66096,83
2198,AK,"Prince of Wales-Hyder Census Area, AK",2750,2415,335,12,2760,2437,323,12,2843,2547,296,10,2885,2601,284,10,2884,2622,262,9,2833,2558,275,10,2832,2605,227,8,53638,67
2201,AK,"Prince of Wales-Outer Ketchikan Census Area, AK",,,,,,,,,,,,,,,,,,,,,,,,,,,,,,
2220,AK,"Sitka Borough/city, AK",4591,4387,204,4,4373,4179,194,4,4448,4260,188,4,4370,4206,164,4,4404,4242,162,4,4121,3822,299,7,4496,4295,201,5,79363,99
2230,AK,"Skagway Municipality, AK",808,718,90,11,803,717,86,11,827,747,80,10,834,761,73,9,782,712,70,9,641,503,138,22,621,533,88,14,78421,98
2232,AK,"Skagway-Hoonah-Angoon Census Area, AK",,,,,,,,,,,,,,,,,,,,,,,,,,,,,,
2240,AK,"Southeast Fairbanks Census Area, AK",2997,2688,309,10,2990,2681,309,10,2932,2650,282,10,2942,2682,260,9,2872,2642,230,8,2945,2719,226,8,3219,3007,212,7,64544,81
2261,AK,"Valdez-Cordova Census Area, AK",4864,4456,408,8,4802,4406,396,8,4870,4518,352,7,4862,4536,326,7,4865,4535,330,7,,,,,,,,,,
2275,AK,"Wrangell Borough/city, AK",1028,950,78,8,1053,977,76,7,1048,973,75,7,1041,975,66,6,1031,961,70,7,955,867,88,9,946,875,71,8,64643,81
2280,AK,"Wrangell-Petersburg Census Area, AK",,,,,,,,,,,,,,,,,,,,,,,,,,,,,,
2282,AK,"Yakutat Borough/city, AK",259,237,22,9,244,224,20,8,233,213,20,9,247,229,18,7,251,234,17,7,279,255,24,9,308,286,22,7,68352,86
2290,AK,"Yukon-Koyukuk Census Area, AK",2395,1968,427,18,2408,1994,414,17,2459,2051,408,17,2539,2194,345,14,2441,2129,312,13,2334,2041,293,13,2441,2138,303,12,43060,54
4001,AZ,"Apache County, AZ",20730,17966,2764,13,20418,18042,2376,12,19884,17808,2076,10,19935,17963,1972,10,19813,17823,1990,10,19502,17058,2444,13,18700,16995,1705,9,36319,56
4003,AZ,"Cochise County, AZ",50586,46891,3695,7,49799,46647,3152,6,48125,45406,2719,6,48115,45431,2684,6,48785,45963,2822,6,50090,46659,3431,7,49027,46667,2360,5,51171,79
4005,AZ,"Coconino County, AZ",73669,68861,4808,7,74484,69930,4554,6,73563,69435,4128,6,74030,69968,4062,6,74782,70489,4293,6,72016,65193,6823,10,72223,67857,4366,6,57146,88
4007,AZ,"Gila County, AZ",21321,19633,1688,8,21084,19536,1548,7,20789,19515,1274,6,20768,19565,1203,6,20765,19586,1179,6,20355,18830,1525,8,20390,19377,1013,5,49280,76
4009,AZ,"Graham County, AZ",14590,13515,1075,7,14433,13445,988,7,14008,13235,773,6,14404,13674,730,5,14962,14226,736,5,15412,14464,948,6,15695,15047,648,4,55419,86
4011,AZ,"Greenlee County, AZ",4068,3745,323,8,3916,3615,301,8,3885,3687,198,5,4144,3973,171,4,4346,4173,173,4,4307,4082,225,5,4343,4169,174,4,67530,105
4012,AZ,"La Paz County, AZ",8217,7602,615,8,8506,7983,523,6,8469,8006,463,6,8651,8114,537,6,9004,8466,538,6,8726,8117,609,7,8616,8175,441,5,41637,64
4013,AZ,"Maricopa County, AZ",2033488,1928852,104636,5,2088551,1991371,97180,5,2088547,1999783,88764,4,2155981,2066973,89008,4,2229900,2136810,93090,4,2256967,2094758,162209,7,2311889,2208858,103031,5,71799,111
4015,AZ,"Mohave County, AZ",80004,73633,6371,8,80843,75410,5433,7,80346,75565,4781,6,82593,77910,4683,6,84582,79636,4946,6,85930,77556,8374,10,87215,82382,4833,6,46678,72
4017,AZ,"Navajo County, AZ",40931,36963,3968,10,41511,38030,3481,8,39709,36633,3076,8,39123,36124,2999,8,39489,36514,2975,8,39186,35304,3882,10,39276,36704,2572,7,46698,72
4019,AZ,"Pima County, AZ",467826,442099,25727,6,471452,447695,23757,5,464230,443046,21184,5,470786,449984,20802,4,482457,460572,21885,5,479345,443416,35929,8,480903,457095,23808,5,56551,88
4021,AZ,"Pinal County, AZ",158049,148079,9970,6,164605,155330,9275,6,167281,158730,8551,5,174833,166124,8709,5,184133,174883,9250,5,187999,174319,13680,7,192406,183334,9072,5,66992,104
4023,AZ,"Santa Cruz County, AZ",19986,17687,2299,12,19282,17317,1965,10,18601,16816,1785,10,18728,17011,1717,9,19009,17356,1653,9,18775,16677,2098,11,18942,17298,1644,9,44402,69
4025,AZ,"Yavapai County, AZ",96735,91286,5449,6,99916,94913,5003,5,99348,94790,4558,5,101700,97201,4499,4,103311,98601,4710,5,103471,95949,7522,7,105108,100771,4337,4,58860,91
4027,AZ,"Yuma County, AZ",94249,73736,20513,22,94671,76590,18081,19,93326,77245,16081,17,94398,78454,15944,17,97138,80826,16312,17,94768,78717,16051,17,93693,81591,12102,13,54278,84
5001,AR,"Arkansas County, AR",9534,9142,392,4,9284,8967,317,3,8967,8673,294,3,9069,8770,299,3,9481,9204,277,3,9436,9058,378,4,9424,9108,316,3,51186,100
5003,AR,"Ashley County, AR",8397,7771,626,8,7966,7477,489,6,7865,7424,441,6,7826,7417,409,5,7707,7300,407,5,7178,6506,672,9,6801,6301,500,7,44677,87
5005,AR,"Baxter County, AR",16288,15407,881,5,16130,15435,695,4,16364,15663,701,4,16378,15712,666,4,16330,15690,640,4,16576,15584,992,6,16287,15681,606,4,44833,88
5007,AR,"Benton County, AR",122348,117802,4546,4,128130,124390,3740,3,132441,128502,3939,3,134603,130752,3851,3,139195,135616,3579,3,141515,135182,6333,5,141991,137993,3998,3,78678,154
5009,AR,"Boone County, AR",15909,15145,764,5,15957,15370,587,4,15794,15249,545,4,15893,15345,548,3,16070,15570,500,3,15857,15019,838,5,15782,15313,469,3,48153,94
5011,AR,"Bradley County, AR",4575,4314,261,6,4491,4265,226,5,4456,4252,204,5,4481,4289,192,4,4482,4301,181,4,4368,4110,258,6,4056,3865,191,5,41578,81
5013,AR,"Calhoun County, AR",2429,2300,129,5,2396,2286,110,5,2410,2316,94,4,2441,2349,92,4,2437,2332,105,4,2416,2289,127,5,2392,2312,80,3,50865,100
5015,AR,"Carroll County, AR",12711,12138,573,5,12891,12432,459,4,12990,12554,436,3,12604,12204,400,3,12830,12439,391,3,12735,12013,722,6,12708,12279,429,3,45397,89
5017,AR,"Chicot County, AR",3743,3408,335,9,3590,3353,237,7,3465,3238,227,7,3355,3130,225,7,3254,3034,220,7,3213,2876,337,11,3084,2820,264,9,35992,70
5019,AR,"Clark County, AR",9663,9144,519,5,9589,9173,416,4,9574,9199,375,4,9689,9337,352,4,9703,9341,362,4,9263,8711,552,6,8805,8390,415,5,46464,91
5021,AR,"Clay County, AR",6323,5911,412,7,6048,5706,342,6,5883,5614,269,5,5801,5551,250,4,5674,5403,271,5,5546,5209,337,6,5391,5178,213,4,43723,86
5023,AR,"Cleburne County, AR",9655,8996,659,7,9500,8935,565,6,9286,8826,460,5,9118,8712,406,5,9230,8823,407,4,9190,8489,701,8,8970,8559,411,5,49964,98
5025,AR,"Cleveland County, AR",3371,3184,187,6,3349,3198,151,5,3327,3182,145,4,3264,3141,123,4,3245,3121,124,4,3252,3055,197,6,3108,2985,123,4,57697,113
5027,AR,"Columbia County, AR",9599,8982,617,6,9313,8781,532,6,9077,8616,461,5,9014,8594,420,5,9206,8806,400,4,9058,8437,621,7,8814,8345,469,5,44925,88
5029,AR,"Conway County, AR",8682,8161,521,6,8468,7983,485,6,8229,7834,395,5,8163,7812,351,4,8300,7950,350,4,8413,7903,510,6,8231,7889,342,4,47049,92
5031,AR,"Craighead County, AR",51214,48977,2237,4,52315,50613,1702,3,53579,51961,1618,3,54497,52863,1634,3,56221,54685,1536,3,56309,53304,3005,5,55682,53861,1821,3,51797,101
5033,AR,"Crawford County, AR",26962,25582,1380,5,26995,25941,1054,4,26925,25971,954,4,26972,26027,945,4,26910,26036,874,3,26510,25062,1448,6,25772,24851,921,4,54534,107
5035,AR,"Crittenden County, AR",21503,20198,1305,6,21642,20664,978,5,21378,20437,941,4,21178,20272,906,4,21249,20362,887,4,21102,19339,1763,8,20502,19394,1108,5,47545,93
5037,AR,"Cross County, AR",8135,7701,434,5,7897,7547,350,4,7654,7346,308,4,7445,7143,302,4,7407,7102,305,4,7264,6820,444,6,6987,6681,306,4,40587,79
5039,AR,"Dallas County, AR",2987,2782,205,7,2987,2842,145,5,2919,2790,129,4,2845,2727,118,4,2827,2699,128,5,2821,2669,152,5,2770,2657,113,4,34649,68
5041,AR,"Desha County, AR",5579,5178,401,7,5455,5157,298,6,5446,5183,263,5,5420,5180,240,4,5410,5175,235,4,5289,4916,373,7,4963,4670,293,6,37421,73
5043,AR,"Drew County, AR",8115,7568,547,7,8002,7549,453,6,7961,7554,407,5,7838,7460,378,5,7834,7437,397,5,7716,7180,536,7,7522,7145,377,5,46787,92
5045,AR,"Faulkner County, AR",60161,57396,2765,5,60654,58345,2309,4,61341,59285,2056,3,61975,59995,1980,3,62970,61129,1841,3,62006,58616,3390,6,61033,58910,2123,4,57367,112
5047,AR,"Franklin County, AR",7442,7080,362,5,7378,7079,299,4,7401,7139,262,4,7377,7118,259,4,7528,7282,246,3,7481,7058,423,6,7267,6999,268,4,47256,92
5049,AR,"Fulton County, AR",4779,4534,245,5,4675,4472,203,4,4718,4518,200,4,4817,4627,190,4,4983,4788,195,4,4929,4675,254,5,4889,4711,178,4,39839,78
5051,AR,"Garland County, AR",40111,37950,2161,5,40152,38421,1731,4,40330,38691,1639,4,40777,39159,1618,4,41490,39983,1507,4,41320,38009,3311,8,40528,38500,2028,5,46459,91
5053,AR,"Grant County, AR",8293,7921,372,5,8288,7989,299,4,8323,8053,270,3,8324,8070,254,3,8432,8170,262,3,8289,7858,431,5,8146,7886,260,3,62077,121
5055,AR,"Greene County, AR",20036,19012,1024,5,19839,18987,852,4,19718,18987,731,4,19824,19145,679,3,20067,19385,682,3,19601,18430,1171,6,19318,18655,663,3,53821,105
5057,AR,"Hempstead County, AR",9965,9483,482,5,10019,9643,376,4,9893,9551,342,4,9939,9597,342,3,9925,9555,370,4,9628,9125,503,5,9182,8862,320,4,42790,84
5059,AR,"Hot Spring County, AR",14260,13552,708,5,14139,13582,557,4,14117,13592,525,4,13950,13433,517,4,14063,13565,498,4,14075,13256,819,6,13797,13264,533,4,49582,97
5061,AR,"Howard County, AR",6110,5856,254,4,5989,5793,196,3,5987,5805,182,3,5901,5701,200,3,5691,5511,180,3,5553,5273,280,5,5455,5278,177,3,40566,79
5063,AR,"Independence County, AR",15733,14731,1002,6,16039,15243,796,5,16140,15451,689,4,16282,15632,650,4,16586,15940,646,4,16737,15770,967,6,16368,15734,634,4,50834,99
5065,AR,"Izard County, AR",4999,4673,326,7,4976,4696,280,6,4880,4609,271,6,4868,4605,263,5,4907,4645,262,5,4655,4261,394,9,4382,4146,236,5,41787,82
5067,AR,"Jackson County, AR",6212,5750,462,7,6068,5689,379,6,5880,5533,347,6,5776,5431,345,6,5814,5443,371,6,5852,5428,424,7,5637,5343,294,5,40789,80
5069,AR,"Jefferson County, AR",28882,26872,2010,7,28373,26779,1594,6,27995,26535,1460,5,28011,26567,1444,5,27665,26188,1477,5,27287,25079,2208,8,26128,24413,1715,7,40588,79
5071,AR,"Johnson County, AR",10446,9854,592,6,10551,10049,502,5,10575,10120,455,4,10389,9922,467,5,10279,9820,459,5,10140,9498,642,6,9835,9373,462,5,39439,77
5073,AR,"Lafayette County, AR",2658,2461,197,7,2586,2435,151,6,2538,2410,128,5,2489,2362,127,5,2458,2347,111,5,2419,2233,186,8,2327,2192,135,6,40007,78
5075,AR,"Lawrence County, AR",7075,6655,420,6,6929,6628,301,4,6856,6596,260,4,6820,6556,264,4,6842,6566,276,4,6797,6377,420,6,6700,6414,286,4,41188,81
5077,AR,"Lee County, AR",3194,2984,210,7,3098,2951,147,5,2969,2825,144,5,2899,2762,137,5,2824,2700,124,4,2747,2536,211,8,2554,2411,143,6,32502,64
5079,AR,"Lincoln County, AR",4143,3892,251,6,4102,3904,198,5,4052,3882,170,4,4008,3839,169,4,3903,3738,165,4,3868,3637,231,6,3729,3558,171,5,47903,94
5081,AR,"Little River County, AR",5617,5315,302,5,5602,5339,263,5,5498,5230,268,5,5460,5177,283,5,5529,5297,232,4,5353,5003,350,7,5250,5015,235,5,47125,92
5083,AR,"Logan County, AR",9204,8682,522,6,9145,8724,421,5,8897,8553,344,4,8734,8389,345,4,8530,8168,362,4,8664,8085,579,7,8383,8033,350,4,43577,85
5085,AR,"Lonoke County, AR",33138,31769,1369,4,33442,32327,1115,3,33840,32727,1113,3,34165,33096,1069,3,34281,33199,1082,3,33761,31886,1875,6,33141,32034,1107,3,59623,117
5087,AR,"Madison County, AR",7113,6843,270,4,7297,7063,234,3,7369,7157,212,3,7343,7133,210,3,7411,7225,186,3,7292,7001,291,4,7373,7142,231,3,45144,88
5089,AR,"Marion County, AR",6552,6217,335,5,6532,6271,261,4,6478,6221,257,4,6489,6225,264,4,6668,6407,261,4,6265,5860,405,7,6089,5829,260,4,39888,78
5091,AR,"Miller County, AR",19993,19007,986,5,19904,19067,837,4,19758,18894,864,4,19511,18583,928,5,19751,18959,792,4,19343,18003,1340,7,18987,18074,913,5,43634,85
5093,AR,"Mississippi County, AR",18412,16774,1638,9,18099,16869,1230,7,17782,16718,1064,6,17336,16369,967,6,17384,16518,866,5,17269,15704,1565,9,16310,15141,1169,7,47892,94
5095,AR,"Monroe County, AR",2986,2808,178,6,2886,2747,139,5,2798,2678,120,4,2741,2626,115,4,2755,2640,115,4,2722,2541,181,7,2621,2482,139,5,35833,70
5097,AR,"Montgomery County, AR",3271,3054,217,7,3133,2972,161,5,3092,2943,149,5,3051,2908,143,5,2980,2845,135,5,2958,2752,206,7,2876,2737,139,5,42751,84
5099,AR,"Nevada County, AR",3675,3495,180,5,3650,3515,135,4,3603,3475,128,4,3646,3521,125,3,3655,3514,141,4,3545,3336,209,6,3373,3237,136,4,41854,82
5101,AR,"Newton County, AR",3409,3246,163,5,3417,3284,133,4,3322,3201,121,4,3301,3191,110,3,3323,3209,114,3,3186,3023,163,5,3182,3085,97,3,40698,80
5103,AR,"Ouachita County, AR",9977,9357,620,6,9897,9399,498,5,9722,9275,447,5,9756,9313,443,5,9846,9351,495,5,9840,9243,597,6,9716,9340,376,4,46374,91
5105,AR,"Perry County, AR",4218,3963,255,6,4174,3974,200,5,4246,4068,178,4,4245,4071,174,4,4313,4141,172,4,4132,3899,233,6,4092,3924,168,4,46317,91
5107,AR,"Phillips County, AR",7023,6498,525,8,6668,6274,394,6,6532,6151,381,6,6572,6178,394,6,6361,5992,369,6,6303,5723,580,9,5865,5412,453,8,35167,69
5109,AR,"Pike County, AR",4231,3987,244,6,4228,4048,180,4,4293,4120,173,4,4297,4124,173,4,4248,4089,159,4,4270,4016,254,6,4183,3999,184,4,43133,84
5111,AR,"Poinsett County, AR",10105,9548,557,6,10108,9675,433,4,10255,9826,429,4,10130,9746,384,4,10037,9698,339,3,9753,9206,547,6,9676,9299,377,4,36150,71
5113,AR,"Polk County, AR",8362,7887,475,6,8194,7794,400,5,8027,7665,362,5,8064,7737,327,4,8079,7748,331,4,8005,7468,537,7,7771,7428,343,4,42915,84
5115,AR,"Pope County, AR",29886,28333,1553,5,29332,27981,1351,5,29089,27789,1300,5,28978,27710,1268,4,29068,27848,1220,4,27870,26218,1652,6,27266,26186,1080,4,46350,91
5117,AR,"Prairie County, AR",3744,3571,173,5,3656,3516,140,4,3696,3544,152,4,3555,3420,135,4,3611,3459,152,4,3611,3417,194,5,3527,3397,130,4,48478,95
5119,AR,"Pulaski County, AR",186837,178413,8424,5,187419,180752,6667,4,188436,181973,6463,3,188411,181973,6438,3,189699,183378,6321,3,189050,174991,14059,7,184896,175806,9090,5,56171,110
5121,AR,"Randolph County, AR",6209,5772,437,7,6534,6232,302,5,6922,6632,290,4,7161,6879,282,4,7313,7036,277,4,7449,7006,443,6,7313,7025,288,4,46495,91
5123,AR,"St. Francis County, AR",8992,8351,641,7,8855,8394,461,5,8360,7937,423,5,8284,7868,416,5,8193,7781,412,5,8022,7388,634,8,7675,7201,474,6,37759,74
5125,AR,"Saline County, AR",56229,53970,2259,4,56952,55170,1782,3,57474,55729,1745,3,58664,56890,1774,3,59554,57919,1635,3,58783,55813,2970,5,57900,56082,1818,3,70550,138
5127,AR,"Scott County, AR",4546,4333,213,5,4469,4305,164,4,4433,4279,154,4,4388,4231,157,4,4331,4188,143,3,4345,4150,195,5,4216,4076,140,3,41230,81
5129,AR,"Searcy County, AR",3039,2870,169,6,2994,2857,137,5,2935,2798,137,5,2924,2799,125,4,2908,2779,129,4,2878,2692,186,7,2920,2796,124,4,33814,66
5131,AR,"Sebastian County, AR",57971,55224,2747,5,57697,55543,2154,4,57208,55131,2077,4,56790,54795,1995,4,56835,55011,1824,3,56085,52716,3369,6,54294,52275,2019,4,48627,95
5133,AR,"Sevier County, AR",5688,5348,340,6,5704,5427,277,5,5665,5407,258,5,5594,5341,253,5,5526,5267,259,5,5543,5218,325,6,5368,5132,236,4,45838,90
5135,AR,"Sharp County, AR",6028,5618,410,7,6062,5731,331,6,5961,5660,301,5,5781,5508,273,5,5762,5483,279,5,5717,5306,411,7,5630,5353,277,5,40437,79
5137,AR,"Stone County, AR",4723,4432,291,6,4748,4504,244,5,4792,4562,230,5,4787,4574,213,4,4738,4519,219,5,4624,4295,329,7,4531,4303,228,5,36148,71
5139,AR,"Union County, AR",16999,15973,1026,6,16401,15504,897,6,16093,15239,854,5,15963,15097,866,5,15796,14989,807,5,15615,14310,1305,8,15025,14114,911,6,47857,94
5141,AR,"Van Buren County, AR",6453,6026,427,7,6113,5692,421,7,6040,5708,332,6,5883,5577,306,5,5781,5500,281,5,5767,5354,413,7,5803,5521,282,5,42345,83
5143,AR,"Washington County, AR",115733,111702,4031,4,118574,115300,3274,3,120668,117523,3145,3,122484,119317,3167,3,125000,121989,3011,2,125379,119532,5847,5,125728,122052,3676,3,57712,113
5145,AR,"White County, AR",34681,32557,2124,6,34092,32318,1774,5,33628,32090,1538,5,33604,32156,1448,4,33937,32452,1485,4,34020,31880,2140,6,33712,32361,1351,4,43765,86
5147,AR,"Woodruff County, AR",3043,2851,192,6,2974,2811,163,6,2925,2783,142,5,2800,2670,130,5,2770,2628,142,5,2826,2661,165,6,2790,2651,139,5,37634,74
5149,AR,"Yell County, AR",9001,8551,450,5,8700,8311,389,5,8558,8211,347,4,8484,8134,350,4,8391,8063,328,4,7933,7526,407,5,7831,7520,311,4,48728,95
6001,CA,"Alameda County, CA",819008,779897,39111,5,831827,796037,35790,4,838175,807100,31075,4,841435,815554,25881,3,842645,817355,25290,3,816829,743193,73636,9,809964,760859,49105,6,113518,137
6003,CA,"Alpine County, CA",549,508,41,8,554,518,36,7,548,514,34,6,547,522,25,5,542,514,28,5,513,453,60,12,519,477,42,8,64542,78
6005,CA,"Amador County, CA",14317,13366,951,7,14525,13658,867,6,14694,13958,736,5,14672,14066,606,4,14828,14243,585,4,14451,13084,1367,10,14342,13345,997,7,68141,82
6007,CA,"Butte County, CA",101066,93766,7300,7,101648,94909,6739,7,101998,96056,5942,6,101810,96624,5186,5,98096,93025,5071,5,93080,84291,8789,9,92031,85720,6311,7,54718,66
6009,CA,"Calaveras County, CA",20549,19231,1318,6,20798,19615,1183,6,21016,20014,1002,5,21163,20303,860,4,21349,20522,827,4,21315,19637,1678,8,21402,20177,1225,6,66329,80
6011,CA,"Colusa County, CA",11051,9342,1709,16,10908,9205,1703,16,10816,9267,1549,14,10851,9409,1442,13,10993,9566,1427,13,10607,8853,1754,17,10740,9398,1342,13,59422,72
6013,CA,"Contra Costa County, CA",544617,517048,27569,5,553221,528401,24820,5,557869,536304,21565,4,560233,542110,18123,3,560709,543096,17613,3,545458,495891,49567,9,542352,507874,34478,6,106484,128
6015,CA,"Del Norte County, CA",9856,9009,847,9,9755,9019,736,8,9696,9068,628,7,9712,9152,560,6,9635,9070,565,6,9414,8497,917,10,9314,8606,708,8,47442,57
6017,CA,"El Dorado County, CA",87892,82840,5052,6,88824,84248,4576,5,89712,85766,3946,4,91021,87691,3330,4,92296,88993,3303,4,90730,82984,7746,9,91142,85910,5232,6,87792,106
6019,CA,"Fresno County, CA",440308,395174,45134,10,444737,402364,42373,10,444452,406265,38187,9,446228,412260,33968,8,451289,418064,33225,7,444993,392711,52282,12,443383,402642,40741,9,61401,74
6021,CA,"Glenn County, CA",12964,11827,1137,9,12949,11867,1082,8,12803,11840,963,8,12768,11923,845,7,13006,12196,810,6,12737,11581,1156,9,12616,11740,876,7,57779,70
6023,CA,"Humboldt County, CA",62290,58782,3508,6,62424,59338,3086,5,62486,59842,2644,4,62530,60251,2279,4,62214,59932,2282,4,59653,54515,5138,9,58714,55053,3661,6,56071,68
6025,CA,"Imperial County, CA",76750,57864,18886,25,75186,56998,18188,24,72049,57886,14163,20,71163,57736,13427,19,73755,58358,15397,21,71528,55218,16310,23,69075,57094,11981,17,47599,57
6027,CA,"Inyo County, CA",9081,8552,529,6,8860,8390,470,5,8604,8226,378,4,8704,8361,343,4,8767,8452,315,4,8305,7637,668,8,8229,7745,484,6,55981,67
6029,CA,"Kern County, CA",390138,350050,40088,10,388109,347692,40417,10,384073,348493,35580,9,385789,354428,31361,8,388816,358105,30711,8,385860,335929,49931,13,383987,345432,38555,10,58583,71
6031,CA,"Kings County, CA",57729,51628,6101,11,57161,51446,5715,10,57265,52133,5132,9,57502,52949,4553,8,57923,53281,4642,8,56921,50118,6803,12,55930,50544,5386,10,60319,73
6033,CA,"Lake County, CA",29006,26790,2216,8,29067,27108,1959,7,29302,27598,1704,6,29070,27523,1547,5,29056,27555,1501,5,28411,25614,2797,10,28371,26211,2160,8,52345,63
6035,CA,"Lassen County, CA",10760,9978,782,7,10363,9642,721,7,10025,9469,556,6,9854,9376,478,5,9732,9275,457,5,9393,8694,699,7,9159,8615,544,6,63803,77
6037,CA,"Los Angeles County, CA",4973756,4641054,332702,7,5018920,4751209,267711,5,5109810,4864120,245690,5,5121279,4885329,235950,5,5153091,4926056,227035,4,4968912,4355926,612986,12,4994057,4548852,445205,9,75624,91
6039,CA,"Madera County, CA",59807,53480,6327,11,61051,55393,5658,9,60909,55932,4977,8,61261,56882,4379,7,62204,57848,4356,7,61852,54920,6932,11,61944,56468,5476,9,68744,83
6041,CA,"Marin County, CA",138677,133718,4959,4,139632,135040,4592,3,139632,135584,4048,3,139681,136256,3425,3,138811,135543,3268,2,130414,121476,8938,7,128920,123172,5748,5,127601,154
6043,CA,"Mariposa County, CA",8011,7436,575,7,7568,7048,520,7,7653,7203,450,6,7651,7239,412,5,7635,7281,354,5,7191,6385,806,11,7014,6456,558,8,56887,69
6045,CA,"Mendocino County, CA",39831,37500,2331,6,39617,37521,2096,5,39534,37735,1799,5,39453,37864,1589,4,38725,37159,1566,4,37099,33698,3401,9,36920,34622,2298,6,53176,64
6047,CA,"Merced County, CA",114061,101031,13030,11,114339,102211,12128,11,115210,104330,10880,9,115251,105501,9750,9,115964,106423,9541,8,115332,100761,14571,13,115158,103223,11935,10,58998,71
6049,CA,"Modoc County, CA",3303,3019,284,9,3292,3034,258,8,3193,2932,261,8,3156,2915,241,8,3179,2950,229,7,3174,2893,281,9,3187,2962,225,7,46838,56
6051,CA,"Mono County, CA",8239,7731,508,6,8365,7915,450,5,8485,8106,379,5,8424,8081,343,4,8519,8198,321,4,7875,6917,958,12,8340,7771,569,7,73204,88
6053,CA,"Monterey County, CA",218274,200452,17822,8,218802,201971,16831,8,219487,203630,15857,7,221914,207648,14266,6,221536,207458,14078,6,213837,189830,24007,11,211858,194310,17548,8,85031,102
6055,CA,"Napa County, CA",73717,70290,3427,5,72941,69799,3142,4,73237,70549,2688,4,73770,71572,2198,3,73342,71210,2132,3,68777,62575,6202,9,68437,64305,4132,6,92149,111
6057,CA,"Nevada County, CA",48006,45388,2618,6,48147,45838,2309,5,48288,46289,1999,4,48561,46844,1717,4,48477,46830,1647,3,46697,42871,3826,8,47089,44459,2630,6,74158,89
6059,CA,"Orange County, CA",1584296,1513060,71236,5,1597447,1532725,64722,4,1605787,1549003,56784,4,1615863,1567723,48140,3,1615978,1570049,45929,3,1561462,1420678,140784,9,1553897,1461154,92743,6,98786,119
6061,CA,"Placer County, CA",176339,167367,8972,5,179634,171550,8084,5,181231,174177,7054,4,185605,179626,5979,3,188900,182933,5967,3,186664,172621,14043,8,188045,178657,9388,5,100662,121
6063,CA,"Plumas County, CA",7891,7076,815,10,7851,7085,766,10,7764,7070,694,9,7815,7219,596,8,7891,7275,616,8,7615,6768,847,11,7382,6682,700,10,58489,71
6065,CA,"Riverside County, CA",1033458,963825,69633,7,1051610,987187,64423,6,1070876,1014232,56644,5,1090038,1041323,48715,5,1107716,1060633,47083,4,1117258,1003553,113705,10,1129562,1046723,82839,7,76409,92
6067,CA,"Sacramento County, CA",684577,643295,41282,6,693979,656360,37619,5,696466,663727,32739,5,704161,676667,27494,4,711464,684781,26683,4,709713,641956,67757,10,714032,664353,49679,7,72953,88
6069,CA,"San Benito County, CA",29759,27495,2264,8,30434,28398,2036,7,30588,28811,1777,6,31199,29606,1593,5,32316,30688,1628,5,32493,29251,3242,10,31976,29658,2318,7,91185,110
6071,CA,"San Bernardino County, CA",919308,859733,59575,7,930242,876387,53855,6,942048,895265,46783,5,954989,915519,39470,4,966763,929049,37714,4,971384,876969,94415,10,988604,915089,73515,7,65984,80
6073,CA,"San Diego County, CA",1548794,1467686,81108,5,1563246,1489143,74103,5,1570791,1507180,63611,4,1579550,1526087,53463,3,1582874,1531029,51845,3,1541979,1395730,146249,10,1543678,1443815,99863,7,87126,105
6075,CA,"San Francisco County/city, CA",541414,521569,19845,4,555316,536972,18344,3,563046,546440,16606,3,568605,554889,13716,2,580597,567612,12985,2,558105,513363,44742,8,545953,518434,27519,5,121722,147
6077,CA,"San Joaquin County, CA",314401,286281,28120,9,318316,292367,25949,8,322951,300205,22746,7,324146,304226,19920,6,327089,307458,19631,6,334292,295559,38733,12,334250,305278,28972,9,70685,85
6079,CA,"San Luis Obispo County, CA",138913,132302,6611,5,139484,133438,6046,4,140250,135171,5079,4,140085,135845,4240,3,139838,135750,4088,3,133921,123379,10542,8,135268,128186,7082,5,79455,96
6081,CA,"San Mateo County, CA",434234,419310,14924,3,441792,428282,13510,3,444909,432729,12180,3,448911,438753,10158,2,457133,447577,9556,2,437835,407241,30594,7,431205,411484,19721,5,132369,160
6083,CA,"Santa Barbara County, CA",217158,205591,11567,5,215256,204329,10927,5,214948,205145,9803,5,215220,206642,8578,4,222675,214501,8174,4,218122,200213,17909,8,217988,205423,12565,6,86136,104
6085,CA,"Santa Clara County, CA",1012215,969950,42265,4,1027918,989048,38870,4,1037356,1003683,33673,3,1042337,1014614,27723,3,1050090,1023426,26664,3,1021799,948273,73526,7,1013614,966009,47605,5,139462,168
6087,CA,"Santa Cruz County, CA",143227,132434,10793,8,143764,133730,10034,7,142601,134423,8178,6,141270,134175,7095,5,141352,134342,7010,5,134611,121436,13175,10,133351,124166,9185,7,93015,112
6089,CA,"Shasta County, CA",74122,68325,5797,8,74207,69019,5188,7,73912,69594,4318,6,73888,70163,3725,5,72954,69421,3533,5,73129,66563,6566,9,72809,67834,4975,7,59108,71
6091,CA,"Sierra County, CA",1362,1242,120,9,1334,1232,102,8,1289,1204,85,7,1277,1199,78,6,1330,1258,72,5,1283,1176,107,8,1304,1226,78,6,59422,72
6093,CA,"Siskiyou County, CA",17884,16199,1685,9,17896,16370,1526,9,17785,16484,1301,7,17364,16184,1180,7,17188,16056,1132,7,16938,15228,1710,10,16561,15222,1339,8,49441,60
6095,CA,"Solano County, CA",204869,192237,12632,6,207273,195835,11438,6,207947,197959,9988,5,209037,200737,8300,4,208423,200424,7999,4,201518,181675,19843,10,199365,184505,14860,8,83678,101
6097,CA,"Sonoma County, CA",257659,246028,11631,5,259214,248876,10338,4,259768,250932,8836,3,260587,253298,7289,3,257549,250486,7063,3,245312,225417,19895,8,242752,229439,13313,6,87366,105
6099,CA,"Stanislaus County, CA",240986,217971,23015,10,242737,221769,20968,9,241971,223735,18236,8,243068,227230,15838,7,242886,227939,14947,6,241656,214903,26753,11,239538,219496,20042,8,64501,78
6101,CA,"Sutter County, CA",44734,39925,4809,11,44983,40612,4371,10,44965,41028,3937,9,44840,41395,3445,8,45544,42143,3401,8,45440,40238,5202,11,45214,41145,4069,9,65791,79
6103,CA,"Tehama County, CA",25019,23029,1990,8,25071,23280,1791,7,25511,23875,1636,6,25485,24014,1471,6,25596,24137,1459,6,25630,23282,2348,9,25443,23617,1826,7,61571,74
6105,CA,"Trinity County, CA",5141,4739,402,8,4993,4638,355,7,4804,4504,300,6,4675,4405,270,6,4652,4393,259,6,4532,4157,375,8,4475,4193,282,6,45113,54
6107,CA,"Tulare County, CA",202126,178491,23635,12,203292,180503,22789,11,204457,182958,21499,11,203039,183065,19974,10,202496,182554,19942,10,202207,174781,27426,14,200896,179461,21435,11,62058,75
6109,CA,"Tuolumne County, CA",21532,20005,1527,7,21567,20221,1346,6,21368,20208,1160,5,21187,20191,996,5,20968,20003,965,5,20153,17998,2155,11,20042,18586,1456,7,63336,76
6111,CA,"Ventura County, CA",427235,402977,24258,6,425346,403087,22259,5,423676,404462,19214,5,423044,406752,16292,4,422110,406610,15500,4,409408,373303,36105,9,404923,379995,24928,6,90961,110
6113,CA,"Yolo County, CA",104154,97384,6770,7,106078,99812,6266,6,106564,101083,5481,5,107537,102886,4651,4,108121,103583,4538,4,104638,96435,8203,8,106122,99926,6196,6,80668,97
6115,CA,"Yuba County, CA",27726,25135,2591,9,28153,25722,2431,9,28718,26570,2148,8,29241,27346,1895,7,29793,27944,1849,6,30665,27370,3295,11,30752,28148,2604,9,56278,68
8001,CO,"Adams County, CO",247743,237372,10371,4,253599,244903,8696,3,258513,251187,7326,3,266494,257987,8507,3,271103,263585,7518,3,270349,249734,20615,8,276299,259081,17218,6,73615,95
8003,CO,"Alamosa County, CO",7648,7267,381,5,7964,7657,307,4,8067,7810,257,3,8477,8161,316,4,8418,8138,280,3,8312,7809,503,6,8533,8062,471,6,50390,65
8005,CO,"Arapahoe County, CO",334380,322380,12000,4,340623,330532,10091,3,347523,338561,8962,3,356525,345984,10541,3,361796,352585,9211,3,359977,333136,26841,8,367171,345949,21222,6,82381,106
8007,CO,"Archuleta County, CO",6011,5777,234,4,6365,6165,200,3,6560,6375,185,3,6798,6582,216,3,6845,6641,204,3,7042,6537,505,7,7300,6943,357,5,63961,82
8009,CO,"Baca County, CO",1971,1932,39,2,2093,2059,34,2,2105,2073,32,2,2150,2114,36,2,2139,2105,34,2,2083,2036,47,2,2118,2073,45,2,42531,55
8011,CO,"Bent County, CO",1732,1666,66,4,1851,1797,54,3,1909,1860,49,3,1888,1831,57,3,1851,1802,49,3,1773,1700,73,4,1886,1771,115,6,50688,65
8013,CO,"Boulder County, CO",176818,171415,5403,3,180901,176286,4615,3,185056,180914,4142,2,190906,185906,5000,3,193894,189610,4284,2,190742,179615,11127,6,195616,187094,8522,4,88289,114
8014,CO,"Broomfield County/city, CO",35546,34415,1131,3,36784,35767,1017,3,38214,37289,925,2,39188,38132,1056,3,40147,39216,931,2,40409,37908,2501,6,41167,39319,1848,5,106263,137
8015,CO,"Chaffee County, CO",8494,8215,279,3,8843,8619,224,3,9227,9026,201,2,9525,9288,237,3,9696,9477,219,2,9642,9062,580,6,10248,9835,413,4,64220,83
8017,CO,"Cheyenne County, CO",1011,985,26,3,1081,1058,23,2,1124,1106,18,2,1129,1110,19,2,1129,1112,17,2,1083,1058,25,2,1105,1080,25,2,56383,73
8019,CO,"Clear Creek County, CO",5545,5349,196,4,5686,5513,173,3,5819,5679,140,2,5918,5752,166,3,6009,5870,139,2,5964,5475,489,8,6023,5689,334,6,79422,102
8021,CO,"Conejos County, CO",3596,3398,198,6,3769,3594,175,5,3887,3737,150,4,4055,3896,159,4,4126,3985,141,3,4006,3790,216,5,4102,3906,196,5,39822,51
8023,CO,"Costilla County, CO",1621,1521,100,6,1728,1648,80,5,1805,1746,59,3,1821,1747,74,4,1852,1783,69,4,1812,1687,125,7,1885,1771,114,6,35639,46
8025,CO,"Crowley County, CO",1353,1295,58,4,1422,1374,48,3,1457,1415,42,3,1477,1417,60,4,1541,1479,62,4,1440,1364,76,5,1465,1389,76,5,36836,47
8027,CO,"Custer County, CO",1988,1921,67,3,2019,1958,61,3,2015,1958,57,3,2062,1992,70,3,2045,1987,58,3,2085,1986,99,5,2325,2232,93,4,60485,78
8029,CO,"Delta County, CO",13432,12693,739,6,13948,13293,655,5,14149,13641,508,4,14262,13732,530,4,14213,13765,448,3,14159,13273,886,6,14360,13599,761,5,53553,69
8031,CO,"Denver County/city, CO",375631,362250,13381,4,385108,373645,11463,3,395587,385501,10086,3,407482,395573,11909,3,416384,405807,10577,3,419844,387275,32569,8,427421,402123,25298,6,75355,97
8033,CO,"Dolores County, CO",1323,1283,40,3,1071,1031,40,4,1119,1089,30,3,1136,1106,30,3,1136,1104,32,3,1135,1061,74,7,1176,1121,55,5,50821,65
8035,CO,"Douglas County, CO",172204,167066,5138,3,177570,173042,4528,3,183237,179180,4057,2,189833,184850,4983,3,195801,191411,4390,2,196099,185505,10594,5,200746,192563,8183,4,122290,157
8037,CO,"Eagle County, CO",32755,31765,990,3,33733,32848,885,3,34520,33775,745,2,35782,34891,891,3,36327,35553,774,2,35383,32204,3179,9,36813,35177,1636,4,94309,121
8039,CO,"Elbert County, CO",13264,12862,402,3,13802,13460,342,3,14273,13952,321,2,14885,14501,384,3,15201,14888,313,2,15000,14339,661,4,15468,14881,587,4,107139,138
8041,CO,"El Paso County, CO",307595,293988,13607,4,314650,303352,11298,4,322818,313035,9783,3,331759,319727,12032,4,338068,327573,10495,3,341997,318462,23535,7,350677,330916,19761,6,72459,93
8043,CO,"Fremont County, CO",14489,13627,862,6,14695,13968,727,5,14817,14231,586,4,14886,14170,716,5,14922,14276,646,4,15223,14104,1119,7,15860,14764,1096,7,52414,68
8045,CO,"Garfield County, CO",30462,29247,1215,4,30994,29959,1035,3,31257,30420,837,3,32051,31108,943,3,32347,31520,827,3,31405,29376,2029,7,32254,30749,1505,5,79958,103
8047,CO,"Gilpin County, CO",3399,3297,102,3,3485,3406,79,2,3572,3505,67,2,3687,3601,86,2,3794,3712,82,2,3930,3501,429,11,3880,3641,239,6,79622,103
8049,CO,"Grand County, CO",9056,8775,281,3,9191,8955,236,3,9463,9265,198,2,9815,9573,242,3,9777,9579,198,2,9245,8505,740,8,9718,9309,409,4,74484,96
8051,CO,"Gunnison County, CO",9793,9515,278,3,10140,9918,222,2,10603,10403,200,2,11239,10981,258,2,11357,11126,231,2,11296,10587,709,6,11837,11402,435,4,68214,88
8053,CO,"Hinsdale County, CO",440,427,13,3,447,437,10,2,469,459,10,2,439,428,11,3,435,421,14,3,423,406,17,4,450,434,16,4,63034,81
8055,CO,"Huerfano County, CO",2366,2190,176,7,2497,2346,151,6,2525,2390,135,5,2554,2398,156,6,2506,2370,136,5,2597,2362,235,9,2645,2428,217,8,49502,64
8057,CO,"Jackson County, CO",834,804,30,4,892,869,23,3,953,937,16,2,979,955,24,3,972,951,21,2,935,898,37,4,988,955,33,3,55430,71
8059,CO,"Jefferson County, CO",308899,298400,10499,3,315406,306493,8913,3,320378,312568,7810,2,327698,318566,9132,3,331396,323425,7971,2,327550,305440,22110,7,334051,317284,16767,5,90097,116
8061,CO,"Kiowa County, CO",791,771,20,3,846,830,16,2,916,901,15,2,935,919,16,2,948,934,14,2,953,931,22,2,957,925,32,3,49179,63
8063,CO,"Kit Carson County, CO",4322,4222,100,2,4540,4448,92,2,4345,4276,69,2,4252,4171,81,2,4283,4216,67,2,4211,4098,113,3,4261,4135,126,3,54642,70
8065,CO,"Lake County, CO",4567,4397,170,4,4618,4492,126,3,4673,4580,93,2,4754,4638,116,2,4916,4807,109,2,4803,4434,369,8,4974,4756,218,4,61518,79
8067,CO,"La Plata County, CO",29862,28871,991,3,30992,30141,851,3,31155,30449,706,2,31958,31083,875,3,31627,30878,749,2,30924,28897,2027,7,31905,30248,1657,5,66080,85
8069,CO,"Larimer County, CO",180622,174867,5755,3,187400,182374,5026,3,193515,189157,4358,2,199314,194154,5160,3,203074,198526,4548,2,201273,189216,12057,6,206492,196875,9617,5,80344,103
8071,CO,"Las Animas County, CO",6124,5793,331,5,6183,5884,299,5,6200,5970,230,4,6483,6202,281,4,6480,6240,240,4,6398,5947,451,7,6513,6087,426,7,46281,60
8073,CO,"Lincoln County, CO",2169,2098,71,3,2280,2224,56,3,2358,2313,45,2,2436,2382,54,2,2398,2346,52,2,2340,2241,99,4,2364,2265,99,4,50169,65
8075,CO,"Logan County, CO",10935,10614,321,3,11017,10707,310,3,11009,10770,239,2,11106,10819,287,3,11045,10793,252,2,10867,10385,482,4,10985,10505,480,4,55717,72
8077,CO,"Mesa County, CO",71758,67929,3829,5,72044,68374,3670,5,72973,70295,2678,4,74823,72024,2799,4,75371,72931,2440,3,74725,69424,5301,7,77219,72798,4421,6,64141,83
8079,CO,"Mineral County, CO",444,429,15,3,464,454,10,2,461,453,8,2,507,494,13,3,516,504,12,2,464,438,26,6,463,440,23,5,58004,75
8081,CO,"Moffat County, CO",7104,6793,311,4,7180,6908,272,4,7260,7036,224,3,7357,7109,248,3,7336,7100,236,3,7162,6749,413,6,7286,6939,347,5,63128,81
8083,CO,"Montezuma County, CO",12330,11655,675,6,12715,12112,603,5,12726,12260,466,4,12839,12271,568,4,12749,12239,510,4,12626,11760,866,7,13215,12480,735,6,54053,70
8085,CO,"Montrose County, CO",19319,18379,940,5,20062,19268,794,4,20621,19993,628,3,21410,20681,729,3,21589,20955,634,3,21491,20134,1357,6,22392,21270,1122,5,59764,77
8087,CO,"Morgan County, CO",14669,14132,537,4,15039,14542,497,3,15446,15098,348,2,16189,15754,435,3,16318,15913,405,3,15899,15089,810,5,16212,15419,793,5,63297,82
8089,CO,"Otero County, CO",7877,7437,440,6,8110,7745,365,5,8194,7878,316,4,8309,7921,388,5,8235,7917,318,4,8179,7701,478,6,8366,7854,512,6,46235,60
8091,CO,"Ouray County, CO",2154,2064,90,4,2166,2088,78,4,2242,2182,60,3,2363,2287,76,3,2417,2350,67,3,2481,2291,190,8,2708,2586,122,5,74492,96
8093,CO,"Park County, CO",9370,9060,310,3,9836,9574,262,3,10375,10147,228,2,10922,10636,286,3,11167,10905,262,2,10969,10370,599,6,11273,10810,463,4,77598,100
8095,CO,"Phillips County, CO",2358,2304,54,2,2472,2426,46,2,2552,2514,38,2,2570,2524,46,2,2578,2539,39,2,2459,2396,63,3,2490,2419,71,3,57385,74
8097,CO,"Pitkin County, CO",10737,10337,400,4,10736,10390,346,3,10889,10578,311,3,11117,10727,390,4,11032,10704,328,3,11122,10017,1105,10,11127,10514,613,6,93634,121
8099,CO,"Prowers County, CO",5812,5586,226,4,6006,5820,186,3,6143,5994,149,2,6225,6034,191,3,6282,6128,154,3,6114,5856,258,4,6265,5981,284,5,47463,61
8101,CO,"Pueblo County, CO",71657,67755,3902,5,73058,69714,3344,5,74024,71082,2942,4,74736,71382,3354,5,75161,72263,2898,4,76155,70230,5925,8,77498,71347,6151,8,50885,66
8103,CO,"Rio Blanco County, CO",2805,2663,142,5,2735,2603,132,5,2756,2658,98,4,2907,2795,112,4,2964,2861,103,4,2905,2754,151,5,2931,2769,162,6,64039,82
8105,CO,"Rio Grande County, CO",4861,4566,295,6,5153,4909,244,5,5318,5105,213,4,5364,5122,242,5,5400,5190,210,4,5360,4993,367,7,5529,5169,360,7,51416,66
8107,CO,"Routt County, CO",14282,13835,447,3,14912,14539,373,3,15421,15080,341,2,16078,15678,400,3,16175,15843,332,2,15923,14729,1194,8,16024,15343,681,4,82330,106
8109,CO,"Saguache County, CO",3075,2893,182,6,3226,3075,151,5,3404,3264,140,4,3497,3345,152,4,3513,3379,134,4,3405,3176,229,7,3496,3290,206,6,56012,72
8111,CO,"San Juan County, CO",470,451,19,4,479,462,17,4,523,512,11,2,519,504,15,3,551,536,15,3,519,486,33,6,608,587,21,4,54387,70
8113,CO,"San Miguel County, CO",5073,4888,185,4,5185,5024,161,3,5298,5158,140,3,5506,5331,175,3,5711,5559,152,3,5425,4865,560,10,5836,5542,294,5,77099,99
8115,CO,"Sedgwick County, CO",1146,1109,37,3,1178,1152,26,2,1181,1157,24,2,1177,1149,28,2,1186,1164,22,2,1154,1115,39,3,1185,1141,44,4,43354,56
8117,CO,"Summit County, CO",20570,20070,500,2,21140,20722,418,2,21663,21287,376,2,22291,21841,450,2,22770,22383,387,2,21962,19912,2050,9,22727,21818,909,4,91079,117
8119,CO,"Teller County, CO",11402,10912,490,4,11731,11315,416,4,12135,11774,361,3,12414,11992,422,3,12684,12315,369,3,12836,11924,912,7,13074,12429,645,5,62845,81
8121,CO,"Washington County, CO",2786,2717,69,3,2921,2861,60,2,3002,2948,54,2,3027,2957,70,2,2953,2898,55,2,2844,2759,85,3,2828,2738,90,3,59174,76
8123,CO,"Weld County, CO",147778,142298,5480,4,149941,145047,4894,3,156367,152480,3887,3,163409,158866,4543,3,167882,163792,4090,2,164840,153943,10897,7,165660,156182,9478,6,77937,100
8125,CO,"Yuma County, CO",5133,5004,129,3,5441,5330,111,2,5630,5546,84,2,5952,5842,110,2,6065,5974,91,2,5552,5404,148,3,5668,5513,155,3,82124,106
9001,CT,"Fairfield County, CT",478990,453727,25263,5,480229,458116,22113,5,485084,464383,20701,4,485919,467592,18327,4,489083,472261,16822,3,473208,436155,37053,8,465448,437051,28397,6,98828,124
9003,CT,"Hartford County, CT",474825,447489,27336,6,474494,450542,23952,5,483999,461941,22058,5,486605,466922,19683,4,493135,475091,18044,4,482601,443952,38649,8,468861,438180,30681,7,73476,92
9005,CT,"Litchfield County, CT",105271,99925,5346,5,104750,100083,4667,5,105418,101111,4307,4,106245,102370,3875,4,106930,103418,3512,3,103484,96504,6980,7,101537,95963,5574,6,79512,100
9007,CT,"Middlesex County, CT",92377,87905,4472,5,92489,88623,3866,4,94022,90439,3583,4,94486,91324,3162,3,95740,92857,2883,3,93209,87216,5993,6,91071,86362,4709,5,89970,113
9009,CT,"New Haven County, CT",456475,428605,27870,6,457003,433288,23715,5,464965,442959,22006,5,467068,447589,19479,4,471549,454140,17409,4,462508,426061,36447,8,453791,424057,29734,7,72517,91
9011,CT,"New London County, CT",136381,128427,7954,6,136181,129595,6586,5,139407,133507,5900,4,139122,133887,5235,4,139818,135051,4767,3,133743,121093,12650,10,129504,120631,8873,7,77202,97
9013,CT,"Tolland County, CT",85228,81079,4149,5,85416,81803,3613,4,87052,83777,3275,4,87655,84661,2994,3,88848,86113,2735,3,85905,80682,5223,6,83876,79597,4279,5,87247,109
9015,CT,"Windham County, CT",62538,58629,3909,6,62639,59342,3297,5,63765,60717,3048,5,64397,61624,2773,4,65247,62758,2489,4,63124,58291,4833,8,61835,57975,3860,6,66349,83
10001,DE,"Kent County, DE",75799,71772,4027,5,76699,72935,3764,5,77277,73509,3768,5,77802,74578,3224,4,78609,75360,3249,4,79826,73170,6656,8,81389,76320,5069,6,61538,86
10003,DE,"New Castle County, DE",289489,276051,13438,5,291757,278853,12904,4,294849,281937,12912,4,296795,285953,10842,4,298726,287970,10756,4,298781,276479,22302,8,303427,287298,16129,5,75145,105
10005,DE,"Sussex County, DE",97463,92732,4731,5,100352,95852,4500,5,103087,98503,4584,4,105558,101613,3945,4,107511,103526,3985,4,107206,99465,7741,7,111615,106257,5358,5,69829,98
11001,DC,District of Columbia,388446,361556,26890,7,395124,370553,24571,6,393326,369388,23938,6,396039,373772,22267,6,400577,379016,21561,5,389384,358370,31014,8,381673,356578,25095,7,91957,100
12001,FL,"Alachua County, FL",129993,123941,6052,5,133055,127302,5753,4,134348,129134,5214,4,136262,131666,4596,3,137788,133643,4145,3,134486,126648,7838,6,138458,133316,5142,4,51995,84
12003,FL,"Baker County, FL",11217,10584,633,6,11456,10892,564,5,11561,11070,491,4,11553,11144,409,4,11913,11533,380,3,11655,11020,635,5,12089,11640,449,4,61514,100
12005,FL,"Bay County, FL",87884,83026,4858,6,88209,83963,4246,5,87547,83855,3692,4,87320,83677,3643,4,83772,80572,3200,4,82680,77353,5327,6,85937,82604,3333,4,61332,99
12007,FL,"Bradford County, FL",10786,10260,526,5,10896,10427,469,4,11164,10750,414,4,11059,10674,385,4,10853,10494,359,3,10713,10018,695,7,10791,10343,448,4,48260,78
12009,FL,"Brevard County, FL",257457,241882,15575,6,263418,249817,13601,5,266773,255041,11732,4,274551,264555,9996,4,281422,272198,9224,3,281504,261302,20202,7,289653,277951,11702,4,65871,107
12011,FL,"Broward County, FL",992033,940668,51365,5,1007259,961500,45759,5,1014014,973134,40880,4,1024312,988673,35639,4,1032434,1000261,32173,3,1021021,923137,97884,10,1029454,979064,50390,5,63901,104
12013,FL,"Calhoun County, FL",4960,4654,306,6,5003,4713,290,6,4934,4690,244,5,4905,4690,215,4,4762,4569,193,4,4744,4479,265,6,4866,4648,218,5,43994,71
12015,FL,"Charlotte County, FL",67928,63810,4118,6,69519,65781,3738,5,69485,66140,3345,5,70252,67332,2920,4,71321,68620,2701,4,71385,65764,5621,8,73248,70060,3188,4,58368,95
12017,FL,"Citrus County, FL",48006,44364,3642,8,48006,44748,3258,7,47498,44662,2836,6,47150,44605,2545,5,46955,44621,2334,5,46588,42350,4238,9,47343,44656,2687,6,48574,79
12019,FL,"Clay County, FL",98837,93804,5033,5,101345,96747,4598,5,103336,99254,4082,4,105002,101420,3582,3,106583,103260,3323,3,104580,98510,6070,6,107819,104015,3804,4,72520,118
12021,FL,"Collier County, FL",164330,155607,8723,5,169758,161752,8006,5,171952,164712,7240,4,176352,170050,6302,4,179009,173276,5733,3,176321,163139,13182,8,180891,174274,6617,4,81895,133
12023,FL,"Columbia County, FL",29089,27474,1615,6,29856,28387,1469,5,29098,27806,1292,4,29195,28056,1139,4,29568,28578,990,3,29435,27537,1898,6,29220,27896,1324,5,46670,76
12027,FL,"DeSoto County, FL",13431,12643,788,6,13516,12797,719,5,13938,13306,632,5,13604,13050,554,4,14099,13588,511,4,14350,13549,801,6,14631,14070,561,4,45807,74
12029,FL,"Dixie County, FL",5609,5256,353,6,5669,5358,311,6,5704,5428,276,5,5734,5486,248,4,5803,5579,224,4,5845,5495,350,6,5910,5653,257,4,41450,67
12031,FL,"Duval County, FL",462381,435287,27094,6,469165,445908,23257,5,474465,453958,20507,4,479833,461935,17898,4,483355,466986,16369,3,480408,444860,35548,7,492463,470506,21957,5,55202,89
12033,FL,"Escambia County, FL",138671,130843,7828,6,141419,134347,7072,5,140984,134980,6004,4,141974,136726,5248,4,143613,138852,4761,3,143637,133112,10525,7,146033,139420,6613,5,57089,93
12035,FL,"Flagler County, FL",43845,41064,2781,6,45492,42967,2525,6,45799,43561,2238,5,46301,44337,1964,4,47330,45471,1859,4,47089,43263,3826,8,48309,46067,2242,5,67054,109
12037,FL,"Franklin County, FL",4791,4563,228,5,4752,4544,208,4,4663,4492,171,4,4689,4520,169,4,4626,4455,171,4,4651,4380,271,6,4719,4540,179,4,47206,77
12039,FL,"Gadsden County, FL",18285,16957,1328,7,18269,17114,1155,6,18023,17018,1005,6,18238,17380,858,5,18406,17626,780,4,18212,16840,1372,8,19283,18250,1033,5,42698,69
12041,FL,"Gilchrist County, FL",6524,6151,373,6,6698,6360,338,5,6768,6463,305,5,6974,6704,270,4,7240,6989,251,4,7035,6661,374,5,7226,6956,270,4,52000,84
12043,FL,"Glades County, FL",4729,4388,341,7,4734,4436,298,6,4913,4646,267,5,5187,4976,211,4,5303,5088,215,4,5070,4755,315,6,5073,4862,211,4,45328,73
12045,FL,"Gulf County, FL",6019,5699,320,5,5985,5704,281,5,5965,5729,236,4,5951,5677,274,5,5156,4905,251,5,5074,4754,320,6,5270,5080,190,4,51593,84
12047,FL,"Hamilton County, FL",4540,4243,297,7,4673,4406,267,6,4279,4069,210,5,4338,4151,187,4,4270,4089,181,4,4210,3856,354,8,4137,3887,250,6,41871,68
12049,FL,"Hardee County, FL",10131,9416,715,7,9287,8664,623,7,8898,8367,531,6,8742,8272,470,5,8302,7870,432,5,8466,7871,595,7,8895,8471,424,5,46264,75
12051,FL,"Hendry County, FL",15162,13535,1627,11,15462,14133,1329,9,15888,14712,1176,7,15513,14533,980,6,15229,14299,930,6,15287,13907,1380,9,15734,14782,952,6,45652,74
12053,FL,"Hernando County, FL",66373,61707,4666,7,68152,63991,4161,6,68859,65184,3675,5,70110,66821,3289,5,71297,68222,3075,4,71952,65730,6222,9,73476,69734,3742,5,52108,84
12055,FL,"Highlands County, FL",35485,32799,2686,8,35846,33481,2365,7,36123,34046,2077,6,36211,34397,1814,5,35493,33817,1676,5,34624,31723,2901,8,34977,32919,2058,6,48922,79
12057,FL,"Hillsborough County, FL",692032,656690,35342,5,709538,677812,31726,5,718852,690198,28654,4,730756,705101,25655,4,750562,726662,23900,3,754031,695631,58400,8,769097,736399,32698,4,65272,106
12059,FL,"Holmes County, FL",6718,6301,417,6,6734,6367,367,5,6837,6507,330,5,6833,6554,279,4,6887,6637,250,4,6814,6407,407,6,6935,6652,283,4,41969,68
12061,FL,"Indian River County, FL",61460,57212,4248,7,62394,58604,3790,6,63455,60211,3244,5,64452,61580,2872,5,65061,62496,2565,4,64151,59027,5124,8,65119,62043,3076,5,72934,118
12063,FL,"Jackson County, FL",17379,16345,1034,6,17396,16480,916,5,17169,16382,787,5,17108,16401,707,4,16959,16349,610,4,17124,16107,1017,6,17202,16413,789,5,44108,72
12065,FL,"Jefferson County, FL",5395,5071,324,6,5404,5117,287,5,5455,5213,242,4,5528,5312,216,4,5494,5306,188,3,5413,5085,328,6,5580,5345,235,4,54354,88
12067,FL,"Lafayette County, FL",3217,3068,149,5,2977,2846,131,4,2918,2807,111,4,2808,2709,99,4,2824,2739,85,3,2769,2640,129,5,2787,2676,111,4,41635,68
12069,FL,"Lake County, FL",141343,133475,7868,6,146577,139389,7188,5,149859,143453,6406,4,154363,148689,5674,4,160397,155121,5276,3,156772,142000,14772,9,159493,152035,7458,5,58501,95
12071,FL,"Lee County, FL",320586,303892,16694,5,330398,314990,15408,5,332639,318774,13865,4,338687,326661,12026,4,346012,334789,11223,3,345113,317759,27354,8,357018,342117,14901,4,66140,107
12073,FL,"Leon County, FL",148125,140607,7518,5,150702,143808,6894,5,150963,144964,5999,4,152728,147395,5333,4,153627,148751,4876,3,150692,141137,9555,6,154331,147861,6470,4,61403,100
12075,FL,"Levy County, FL",16510,15547,963,6,16702,15831,871,5,16648,15892,756,5,16684,16015,669,4,16578,15942,636,4,16479,15398,1081,7,16849,16095,754,5,41894,68
12077,FL,"Liberty County, FL",2648,2491,157,6,2646,2509,137,5,2600,2480,120,5,2594,2489,105,4,2630,2536,94,4,2592,2457,135,5,2582,2474,108,4,46734,76
12079,FL,"Madison County, FL",7504,7039,465,6,7350,6960,390,5,7313,6982,331,5,7236,6944,292,4,7399,7112,287,4,7546,7042,504,7,7720,7339,381,5,41650,68
12081,FL,"Manatee County, FL",165527,157051,8476,5,171148,163281,7867,5,173427,166400,7027,4,176671,170437,6234,4,179186,173414,5772,3,175685,162804,12881,7,182554,175379,7175,4,63328,103
12083,FL,"Marion County, FL",130698,122131,8567,7,132466,124689,7777,6,132717,125915,6802,5,134737,128740,5997,5,138048,132637,5411,4,138952,128343,10609,8,141992,135009,6983,5,48553,79
12085,FL,"Martin County, FL",69769,65987,3782,5,71125,67646,3479,5,71501,68459,3042,4,72297,69650,2647,4,72737,70373,2364,3,71353,66677,4676,7,73492,70878,2614,4,72736,118
12086,FL,"Miami-Dade County, FL",1295273,1215857,79416,6,1305259,1233029,72230,6,1348920,1284543,64377,5,1354308,1302089,52219,4,1377449,1340491,36958,3,1271646,1177701,93945,7,1307815,1239474,68341,5,59259,96
12087,FL,"Monroe County, FL",45948,44332,1616,4,46592,45095,1497,3,45311,43809,1502,3,44763,43582,1181,3,46171,45205,966,2,44444,40725,3719,8,45926,44558,1368,3,68584,111
12089,FL,"Nassau County, FL",36703,34798,1905,5,37897,36176,1721,5,38835,37298,1537,4,40191,38856,1335,3,41497,40248,1249,3,41553,39035,2518,6,42729,41268,1461,3,75123,122
12091,FL,"Okaloosa County, FL",92079,87870,4209,5,93533,89740,3793,4,93658,90353,3305,4,94517,91591,2926,3,95860,93198,2662,3,95234,89599,5635,6,99417,96102,3315,3,65977,107
12093,FL,"Okeechobee County, FL",17318,16216,1102,6,18205,17261,944,5,18200,17390,810,5,17576,16904,672,4,17600,16972,628,4,17090,16089,1001,6,17488,16768,720,4,48028,78
12095,FL,"Orange County, FL",688737,653788,34949,5,708817,677671,31146,4,723383,695684,27699,4,740643,715936,24707,3,752910,730279,22631,3,741842,656788,85054,12,741002,702684,38318,5,69074,112
12097,FL,"Osceola County, FL",157892,148689,9203,6,164792,156541,8251,5,171704,164153,7551,4,179225,172446,6779,4,184097,177876,6221,3,190165,162828,27337,14,185839,174170,11669,6,63018,102
12099,FL,"Palm Beach County, FL",693582,657771,35811,5,711609,677839,33770,5,716528,686091,30437,4,721421,694667,26754,4,728819,704365,24454,3,715415,656556,58859,8,734055,702386,31669,4,68200,111
12101,FL,"Pasco County, FL",216242,203402,12840,6,223250,211693,11557,5,226509,216222,10287,5,231755,222514,9241,4,238171,229604,8567,4,240726,222182,18544,8,246350,235484,10866,4,52332,85
12103,FL,"Pinellas County, FL",472466,448842,23624,5,479772,458724,21048,4,480350,461683,18667,4,481305,464814,16491,3,481952,467042,14910,3,476669,440134,36535,8,486173,466708,19465,4,61532,100
12105,FL,"Polk County, FL",281059,263119,17940,6,287843,271786,16057,6,291121,276937,14184,5,296551,283912,12639,4,303868,292210,11658,4,319699,288447,31252,10,328590,311005,17585,5,54591,88
12107,FL,"Putnam County, FL",27376,25266,2110,8,27071,25332,1739,6,26824,25340,1484,6,26552,25220,1332,5,26345,25178,1167,4,26398,24111,2287,9,27149,25501,1648,6,36527,59
12109,FL,"St. Johns County, FL",113798,109271,4527,4,118966,114422,4544,4,123910,119635,4275,4,129131,125271,3860,3,134614,130970,3644,3,137667,130012,7655,6,141901,137591,4310,3,94343,153
12111,FL,"St. Lucie County, FL",131823,123346,8477,6,135657,127736,7921,6,138130,130882,7248,5,141643,135201,6442,5,145290,139422,5868,4,146919,134666,12253,8,150366,143002,7364,5,59023,96
12113,FL,"Santa Rosa County, FL",74246,70622,3624,5,76371,72892,3479,5,78420,75315,3105,4,80705,77931,2774,3,83105,80577,2528,3,82862,78224,4638,6,84880,81942,2938,4,71583,116
12115,FL,"Sarasota County, FL",178504,169363,9141,5,181607,173272,8335,5,183191,175840,7351,4,185716,179203,6513,4,187387,181384,6003,3,183985,170423,13562,7,191384,184019,7365,4,66138,107
12117,FL,"Seminole County, FL",237549,225741,11808,5,242812,232335,10477,4,245295,235999,9296,4,248232,239979,8253,3,251959,244386,7573,3,237580,219095,18485,8,244546,234590,9956,4,71930,117
12119,FL,"Sumter County, FL",28750,26518,2232,8,29490,27358,2132,7,30029,28163,1866,6,31086,29435,1651,5,32346,30789,1557,5,32660,29876,2784,9,34621,32790,1831,5,60278,98
12121,FL,"Suwannee County, FL",18005,17014,991,6,18243,17342,901,5,18200,17410,790,4,18030,17343,687,4,18129,17502,627,4,17637,16549,1088,6,17414,16637,777,5,46264,75
12123,FL,"Taylor County, FL",9015,8404,611,7,8866,8383,483,5,8701,8304,397,5,8592,8254,338,4,8159,7858,301,4,8151,7586,565,7,8112,7708,404,5,45527,74
12125,FL,"Union County, FL",4753,4520,233,5,4811,4601,210,4,4775,4593,182,4,4578,4425,153,3,4569,4429,140,3,4532,4299,233,5,4546,4376,170,4,49313,80
12127,FL,"Volusia County, FL",239604,225449,14155,6,246286,233701,12585,5,247779,236589,11190,5,250808,241060,9748,4,251861,242915,8946,4,248723,228265,20458,8,255093,243303,11790,5,55463,90
12129,FL,"Wakulla County, FL",14013,13353,660,5,14342,13743,599,4,14373,13848,525,4,14626,14151,475,3,15271,14817,454,3,14994,14272,722,5,15429,14941,488,3,64671,105
12131,FL,"Walton County, FL",27949,26623,1326,5,29035,27776,1259,4,29805,28692,1113,4,30769,29768,1001,3,31848,30914,934,3,32348,30321,2027,6,33792,32597,1195,4,74108,120
12133,FL,"Washington County, FL",9648,9068,580,6,9732,9228,504,5,9709,9277,432,4,9681,9295,386,4,9625,9282,343,4,9438,8843,595,6,9507,9079,428,5,44661,72
13001,GA,"Appling County, GA",8578,7940,638,7,9191,8596,595,7,9354,8837,517,6,9076,8679,397,4,9285,8906,379,4,9197,8767,430,5,9288,8956,332,4,44871,72
13003,GA,"Atkinson County, GA",3821,3598,223,6,3976,3765,211,5,4207,4017,190,5,4368,4212,156,4,4566,4416,150,3,4453,4280,173,4,4503,4372,131,3,39633,63
13005,GA,"Bacon County, GA",4840,4557,283,6,4981,4717,264,5,5104,4874,230,5,5048,4853,195,4,4963,4776,187,4,4847,4622,225,5,4837,4680,157,3,41756,67
13007,GA,"Baker County, GA",1111,1029,82,7,1181,1089,92,8,1249,1171,78,6,1166,1104,62,5,1160,1104,56,5,1126,1059,67,6,1135,1079,56,5,43696,70
13009,GA,"Baldwin County, GA",17554,16186,1368,8,17637,16414,1223,7,17770,16720,1050,6,17725,16837,888,5,17729,16946,783,4,17666,16453,1213,7,17731,16885,846,5,49350,79
13011,GA,"Banks County, GA",8127,7666,461,6,8816,8382,434,5,9363,8995,368,4,9566,9261,305,3,9807,9528,279,3,9825,9407,418,4,10116,9854,262,3,62836,100
13013,GA,"Barrow County, GA",35704,33793,1911,5,37699,35894,1805,5,39577,37959,1618,4,40221,38878,1343,3,41331,40107,1224,3,40846,38791,2055,5,42115,40882,1233,3,64460,103
13015,GA,"Bartow County, GA",46322,43548,2774,6,48194,45690,2504,5,50051,47718,2333,5,50368,48427,1941,4,50872,49108,1764,4,50018,46932,3086,6,51257,49456,1801,4,64980,104
13017,GA,"Ben Hill County, GA",5418,4922,496,9,5550,5089,461,8,5523,5091,432,8,5498,5171,327,6,5465,5156,309,6,5495,5120,375,7,5568,5276,292,5,39305,63
13019,GA,"Berrien County, GA",6966,6458,508,7,7220,6772,448,6,7462,7077,385,5,7491,7174,317,4,7601,7283,318,4,7425,7000,425,6,7648,7363,285,4,45094,72
13021,GA,"Bibb County, GA",67167,62617,4550,7,68659,64517,4142,6,70237,66475,3762,5,69288,66111,3177,5,68058,65256,2802,4,67232,62222,5010,8,67875,64471,3404,5,44467,71
13023,GA,"Bleckley County, GA",4323,3948,375,9,4504,4143,361,8,4626,4313,313,7,4625,4355,270,6,4600,4356,244,5,4509,4218,291,7,4622,4393,229,5,51448,82
13025,GA,"Brantley County, GA",6830,6311,519,8,7098,6614,484,7,7375,6951,424,6,7388,7053,335,5,7257,6944,313,4,7018,6645,373,5,7296,7030,266,4,39256,63
13027,GA,"Brooks County, GA",6805,6386,419,6,7010,6638,372,5,7111,6788,323,5,6984,6704,280,4,6885,6641,244,4,6745,6391,354,5,6821,6566,255,4,42973,68
13029,GA,"Bryan County, GA",15962,15109,853,5,16928,16093,835,5,17777,17025,752,4,18376,17747,629,3,19208,18620,588,3,19103,18121,982,5,19894,19321,573,3,81890,130
13031,GA,"Bulloch County, GA",34344,32226,2118,6,35965,33878,2087,6,37025,35145,1880,5,37174,35567,1607,4,37582,36072,1510,4,37178,34769,2409,7,38062,36495,1567,4,48629,77
13033,GA,"Burke County, GA",9031,8285,746,8,9244,8522,722,8,9428,8752,676,7,9291,8719,572,6,9142,8652,490,5,9036,8391,645,7,9156,8621,535,6,44870,71
13035,GA,"Butts County, GA",10012,9335,677,7,10379,9786,593,6,10723,10203,520,5,10721,10278,443,4,10999,10613,386,4,10844,10183,661,6,11132,10727,405,4,52720,84
13037,GA,"Calhoun County, GA",2105,1972,133,6,2164,2040,124,6,2269,2149,120,5,2250,2154,96,4,2266,2182,84,4,2237,2122,115,5,2228,2138,90,4,37984,61
13039,GA,"Camden County, GA",22048,20804,1244,6,20352,19164,1188,6,21055,19979,1076,5,20967,20075,892,4,21292,20490,802,4,21106,20100,1006,5,21658,20973,685,3,67525,108
13043,GA,"Candler County, GA",4910,4626,284,6,5071,4825,246,5,5279,5061,218,4,5361,5176,185,4,5623,5450,173,3,5732,5482,250,4,6009,5827,182,3,42583,68
13045,GA,"Carroll County, GA",51208,47706,3502,7,53550,50291,3259,6,55432,52618,2814,5,55094,52854,2240,4,55771,53746,2025,4,54696,51259,3437,6,56140,54073,2067,4,64554,103
13047,GA,"Catoosa County, GA",31012,29364,1648,5,32172,30595,1577,5,33171,31790,1381,4,33567,32408,1159,4,33534,32479,1055,3,32604,31183,1421,4,33457,32551,906,3,61906,99
13049,GA,"Charlton County, GA",4713,4407,306,7,4741,4470,271,6,4907,4658,249,5,4821,4610,211,4,4923,4729,194,4,4873,4687,186,4,4959,4802,157,3,46061,73
13051,GA,"Chatham County, GA",131745,123904,7841,6,136088,128852,7236,5,140182,133838,6344,5,140421,135108,5313,4,141320,136469,4851,3,139696,129111,10585,8,143877,137644,6233,4,56357,90
13053,GA,"Chattahoochee County, GA",2087,1901,186,9,2060,1887,173,8,2008,1870,138,7,2040,1927,113,6,2033,1937,96,5,1919,1798,121,6,1912,1826,86,5,51811,83
13055,GA,"Chattooga County, GA",10432,9777,655,6,10436,9769,667,6,10659,10152,507,5,10524,10089,435,4,10403,9859,544,5,9754,8943,811,8,9562,9107,455,5,44399,71
13057,GA,"Cherokee County, GA",118953,113293,5660,5,125883,120452,5431,4,132308,127318,4990,4,135240,130961,4279,3,137413,133463,3950,3,135061,128633,6428,5,139406,135761,3645,3,90675,144
13059,GA,"Clarke County, GA",56485,52987,3498,6,58767,55484,3283,6,61504,58562,2942,5,61020,58558,2462,4,59791,57559,2232,4,57996,54293,3703,6,59167,56922,2245,4,46693,74
13061,GA,"Clay County, GA",851,749,102,12,884,791,93,11,876,796,80,9,852,787,65,8,883,820,63,7,901,791,110,12,884,794,90,10,35937,57
13063,GA,"Clayton County, GA",124988,115296,9692,8,130800,122049,8751,7,136466,128439,8027,6,137560,130725,6835,5,138283,132129,6154,5,138704,124431,14273,10,140309,131120,9189,7,49370,79
13065,GA,"Clinch County, GA",2742,2546,196,7,2769,2596,173,6,2804,2647,157,6,2769,2642,127,5,2823,2715,108,4,2961,2846,115,4,3022,2933,89,3,43088,69
13067,GA,"Cobb County, GA",393682,373383,20299,5,410083,390988,19095,5,425019,407484,17535,4,423633,408917,14716,4,424395,411105,13290,3,412115,387938,24177,6,423126,409319,13807,3,81517,130
13069,GA,"Coffee County, GA",17096,15926,1170,7,18092,17024,1068,6,18633,17675,958,5,18877,18017,860,5,19251,18477,774,4,18941,17845,1096,6,18845,18079,766,4,44520,71
13071,GA,"Colquitt County, GA",19823,18535,1288,7,21103,19979,1124,5,22288,21276,1012,5,21594,20773,821,4,21793,21082,711,3,21863,20888,975,5,22227,21514,713,3,41673,66
13073,GA,"Columbia County, GA",67851,64390,3461,5,71036,67691,3345,5,74967,71853,3114,4,75896,73226,2670,4,76219,73803,2416,3,75307,72176,3131,4,76478,74420,2058,3,87489,139
13075,GA,"Cook County, GA",7206,6716,490,7,7524,7111,413,6,7789,7433,356,5,7869,7568,301,4,8172,7887,285,4,8099,7715,384,5,8237,7957,280,3,35225,56
13077,GA,"Coweta County, GA",67073,63448,3625,5,70403,66854,3549,5,73342,70242,3100,4,74329,71737,2592,4,75472,73141,2331,3,74415,69877,4538,6,76218,73661,2557,3,84121,134
13079,GA,"Crawford County, GA",5514,5160,354,6,5678,5339,339,6,5786,5499,287,5,5710,5469,241,4,5653,5440,213,4,5414,5139,275,5,5523,5319,204,4,48184,77
13081,GA,"Crisp County, GA",9320,8671,649,7,9191,8629,562,6,9493,8996,497,5,9424,8962,462,5,9606,9220,386,4,9714,8841,873,9,10068,9206,862,9,36871,59
13083,GA,"Dade County, GA",7761,7329,432,6,8018,7607,411,5,8287,7921,366,4,8238,7933,305,4,8137,7858,279,3,7784,7463,321,4,8049,7839,210,3,41069,65
13085,GA,"Dawson County, GA",10818,10256,562,5,11330,10793,537,5,11991,11524,467,4,12289,11875,414,3,12740,12363,377,3,12665,12082,583,5,13115,12765,350,3,75081,120
13087,GA,"Decatur County, GA",11265,10486,779,7,11476,10703,773,7,11773,11115,658,6,11528,10981,547,5,11684,11227,457,4,11320,10778,542,5,11338,10923,415,4,42996,69
13089,GA,"DeKalb County, GA",368863,346210,22653,6,382731,361823,20908,6,399020,379705,19315,5,398529,382178,16351,4,398467,384029,14438,4,393461,362325,31136,8,400667,382143,18524,5,69545,111
13091,GA,"Dodge County, GA",6881,6295,586,9,7018,6501,517,7,7202,6748,454,6,7184,6807,377,5,7173,6774,399,6,6922,6508,414,6,7005,6709,296,4,42683,68
13093,GA,"Dooly County, GA",4705,4344,361,8,4951,4660,291,6,5136,4874,262,5,5137,4894,243,5,5082,4884,198,4,4974,4528,446,9,4936,4577,359,7,45112,72
13095,GA,"Dougherty County, GA",37460,34519,2941,8,38172,35525,2647,7,39291,36904,2387,6,38709,36603,2106,5,37755,35934,1821,5,37482,34250,3232,9,37494,35110,2384,6,40793,65
13097,GA,"Douglas County, GA",67568,63209,4359,7,70232,66273,3959,6,72751,69159,3592,5,73085,70001,3084,4,73302,70570,2732,4,72409,67092,5317,7,74001,70771,3230,4,65269,104
13099,GA,"Early County, GA",4309,4005,304,7,4401,4095,306,7,4577,4326,251,6,4547,4335,212,5,4390,4211,179,4,4418,4164,254,6,4338,4121,217,5,39697,63
13101,GA,"Echols County, GA",1844,1756,88,5,1882,1800,82,4,1923,1847,76,4,1923,1861,62,3,1914,1859,55,3,1882,1808,74,4,1897,1845,52,3,45378,72
13103,GA,"Effingham County, GA",26854,25458,1396,5,28415,27025,1390,5,29747,28534,1213,4,31029,30003,1026,3,32274,31320,954,3,31877,30316,1561,5,33266,32292,974,3,77690,124
13105,GA,"Elbert County, GA",7529,6960,569,8,7730,7223,507,7,7937,7517,420,5,7854,7472,382,5,7861,7541,320,4,7931,7386,545,7,7810,7429,381,5,43553,69
13107,GA,"Emanuel County, GA",8227,7495,732,9,8448,7786,662,8,8679,8094,585,7,8352,7852,500,6,8429,7966,463,6,8568,7971,597,7,8698,8240,458,5,36243,58
13109,GA,"Evans County, GA",4610,4348,262,6,4788,4550,238,5,4937,4720,217,4,4920,4736,184,4,4950,4777,173,4,5008,4751,257,5,5179,4998,181,4,51018,81
13111,GA,"Fannin County, GA",9999,9369,630,6,10829,10242,587,5,11088,10553,535,5,11321,10865,456,4,11505,11103,402,4,11132,10608,524,5,11797,11463,334,3,44730,71
13113,GA,"Fayette County, GA",53538,50712,2826,5,55712,53051,2661,5,57532,55167,2365,4,57777,55732,2045,4,58109,56284,1825,3,56597,53572,3025,5,58170,56475,1695,3,98623,157
13115,GA,"Floyd County, GA",42497,39611,2886,7,43503,40856,2647,6,44645,42301,2344,5,44504,42570,1934,4,44200,42415,1785,4,43126,40440,2686,6,43891,42277,1614,4,47423,76
13117,GA,"Forsyth County, GA",103197,98435,4762,5,110988,106296,4692,4,117589,113136,4453,4,121554,117661,3893,3,125208,121604,3604,3,122975,117458,5517,5,127031,123874,3157,3,116690,186
13119,GA,"Franklin County, GA",9180,8594,586,6,9788,9269,519,5,10178,9688,490,5,10053,9662,391,4,10214,9842,372,4,9892,9315,577,6,10111,9740,371,4,47706,76
13121,GA,"Fulton County, GA",508815,477884,30931,6,531124,502170,28954,6,554157,527208,26949,5,555510,532702,22808,4,560936,540379,20557,4,558764,514565,44199,8,569144,542664,26480,5,71504,114
13123,GA,"Gilmer County, GA",11589,10877,712,6,11833,11152,681,6,12125,11509,616,5,12023,11511,512,4,12043,11602,441,4,12019,11460,559,5,12343,11969,374,3,66066,105
13125,GA,"Glascock County, GA",1219,1137,82,7,1268,1191,77,6,1312,1246,66,5,1291,1237,54,4,1278,1229,49,4,1246,1196,50,4,1263,1230,33,3,50800,81
13127,GA,"Glynn County, GA",37264,34962,2302,6,39177,37071,2106,5,40196,38282,1914,5,40057,38556,1501,4,38862,37488,1374,4,38295,35722,2573,7,39201,37727,1474,4,59286,94
13129,GA,"Gordon County, GA",25856,24302,1554,6,25300,23865,1435,6,26929,25675,1254,5,27582,26503,1079,4,28513,27505,1008,4,28096,26579,1517,5,28846,27923,923,3,54915,87
13131,GA,"Grady County, GA",10304,9673,631,6,10250,9685,565,6,10852,10319,533,5,10675,10259,416,4,10677,10304,373,4,10622,10160,462,4,11040,10695,345,3,54601,87
13133,GA,"Greene County, GA",6751,6296,455,7,6605,6200,405,6,6897,6538,359,5,7059,6752,307,4,7314,7022,292,4,7190,6774,416,6,7231,6961,270,4,61857,99
13135,GA,"Gwinnett County, GA",447227,423631,23596,5,467734,445147,22587,5,486776,465984,20792,4,488189,470734,17455,4,491076,475438,15638,3,480249,450036,30213,6,492181,475000,17181,4,73460,117
13137,GA,"Habersham County, GA",18602,17519,1083,6,19302,18268,1034,5,19492,18595,897,5,19471,18734,737,4,19474,18784,690,4,18721,17713,1008,5,18592,17930,662,4,61071,97
13139,GA,"Hall County, GA",91705,87171,4534,5,96308,91917,4391,5,101342,97352,3990,4,102344,99022,3322,3,102878,99859,3019,3,102326,97547,4779,5,104792,102000,2792,3,67735,108
13141,GA,"Hancock County, GA",2461,2216,245,10,2532,2317,215,9,2554,2372,182,7,2475,2326,149,6,2518,2372,146,6,2540,2317,223,9,2530,2369,161,6,36424,58
13143,GA,"Haralson County, GA",11736,10955,781,7,12159,11445,714,6,12504,11901,603,5,12527,12038,489,4,12591,12151,440,4,12369,11651,718,6,12750,12303,447,4,51431,82
13145,GA,"Harris County, GA",15520,14692,828,5,16066,15271,795,5,16807,16103,704,4,16917,16334,583,3,16949,16409,540,3,16845,16087,758,5,16881,16397,484,3,81151,129
13147,GA,"Hart County, GA",10284,9635,649,6,11013,10414,599,5,11359,10851,508,5,11753,11320,433,4,11620,11198,422,4,11329,10719,610,5,11640,11184,456,4,52401,83
13149,GA,"Heard County, GA",4856,4539,317,7,4996,4697,299,6,5218,4956,262,5,5233,5027,206,4,5234,5052,182,4,5107,4778,329,6,5239,5036,203,4,51532,82
13151,GA,"Henry County, GA",103843,97333,6510,6,108917,102845,6072,6,113509,107957,5552,5,115136,110310,4826,4,116961,112605,4356,4,116410,107965,8445,7,118685,113693,4992,4,69620,111
13153,GA,"Houston County, GA",64936,61086,3850,6,67671,64005,3666,5,69853,66524,3329,5,70389,67520,2869,4,71274,68789,2485,4,70486,66812,3674,5,71710,69142,2568,4,69442,111
13155,GA,"Irwin County, GA",3100,2836,264,9,3219,2964,255,8,3314,3080,234,7,3331,3141,190,6,3407,3244,163,5,3484,3289,195,6,3568,3407,161,5,47492,76
13157,GA,"Jackson County, GA",30386,28890,1496,5,33289,31852,1437,4,35635,34315,1320,4,36462,35325,1137,3,37798,36743,1055,3,40061,38323,1738,4,42806,41787,1019,2,70960,113
13159,GA,"Jasper County, GA",6367,6010,357,6,6581,6262,319,5,6922,6621,301,4,6912,6666,246,4,6987,6759,228,3,6818,6487,331,5,7065,6838,227,3,57796,92
13161,GA,"Jeff Davis County, GA",6272,5847,425,7,6226,5825,401,6,6190,5813,377,6,6095,5796,299,5,6195,5902,293,5,6133,5820,313,5,6100,5858,242,4,44417,71
13163,GA,"Jefferson County, GA",6298,5719,579,9,6599,6106,493,8,6813,6389,424,6,6730,6368,362,5,6644,6316,328,5,6674,6227,447,7,6979,6652,327,5,40333,64
13165,GA,"Jenkins County, GA",3071,2811,260,9,3163,2921,242,8,3196,2979,217,7,3190,3017,173,5,3213,3044,169,5,3189,2988,201,6,3217,3066,151,5,38306,61
13167,GA,"Johnson County, GA",3829,3556,273,7,3925,3683,242,6,4140,3929,211,5,4107,3944,163,4,4080,3925,155,4,4001,3805,196,5,4150,4003,147,4,36358,58
13169,GA,"Jones County, GA",13322,12574,748,6,13792,13121,671,5,14071,13457,614,4,13946,13430,516,4,13768,13311,457,3,13365,12761,604,5,13642,13224,418,3,64812,103
13171,GA,"Lamar County, GA",7597,7003,594,8,7900,7375,525,7,8127,7668,459,6,8234,7848,386,5,8216,7883,333,4,7984,7483,501,6,8249,7904,345,4,55024,88
13173,GA,"Lanier County, GA",3740,3486,254,7,3828,3604,224,6,3884,3684,200,5,3802,3630,172,5,3785,3628,157,4,3801,3602,199,5,3850,3703,147,4,35215,56
13175,GA,"Laurens County, GA",18434,17018,1416,8,19066,17781,1285,7,19469,18315,1154,6,19501,18552,949,5,19590,18664,926,5,19280,18000,1280,7,19818,18974,844,4,46690,74
13177,GA,"Lee County, GA",13967,13211,756,5,14557,13865,692,5,15193,14555,638,4,14842,14304,538,4,15153,14677,476,3,15026,14343,683,5,15173,14707,466,3,74640,119
13179,GA,"Liberty County, GA",24690,23103,1587,6,25047,23562,1485,6,25749,24412,1337,5,25924,24802,1122,4,25996,24972,1024,4,25708,24110,1598,6,26349,25304,1045,4,49788,79
13181,GA,"Lincoln County, GA",3327,3099,228,7,3479,3271,208,6,3604,3414,190,5,3610,3429,181,5,3555,3413,142,4,3508,3320,188,5,3558,3415,143,4,47883,76
13183,GA,"Long County, GA",7005,6587,418,6,7424,7018,406,6,8053,7660,393,5,8070,7746,324,4,8353,8035,318,4,8184,7828,356,4,8467,8210,257,3,53841,86
13185,GA,"Lowndes County, GA",49790,46796,2994,6,51312,48569,2743,5,52197,49748,2449,5,51914,49772,2142,4,51738,49834,1904,4,51492,48386,3106,6,51719,49616,2103,4,48864,78
13187,GA,"Lumpkin County, GA",15145,14312,833,6,15975,15199,776,5,16898,16191,707,4,16759,16154,605,4,16960,16398,562,3,16557,15770,787,5,17402,16923,479,3,63822,102
13189,GA,"McDuffie County, GA",8690,7954,736,9,8802,8150,652,7,8982,8417,565,6,8946,8441,505,6,8766,8295,471,5,8550,7877,673,8,8554,8107,447,5,48392,77
13191,GA,"McIntosh County, GA",5753,5373,380,7,6004,5649,355,6,6197,5881,316,5,6270,6017,253,4,6108,5878,230,4,5946,5611,335,6,6129,5904,225,4,48097,77
13193,GA,"Macon County, GA",4567,4140,427,9,4681,4289,392,8,4765,4431,334,7,4712,4416,296,6,4729,4504,225,5,4653,4300,353,8,4684,4389,295,6,35997,57
13195,GA,"Madison County, GA",12481,11776,705,6,13084,12428,656,5,13692,13102,590,4,13717,13226,491,4,13430,13000,430,3,13217,12553,664,5,13599,13184,415,3,50619,81
13197,GA,"Marion County, GA",3407,3115,292,9,3381,3130,251,7,3459,3249,210,6,3380,3203,177,5,3298,3152,146,4,3238,3075,163,5,3257,3139,118,4,46792,75
13199,GA,"Meriwether County, GA",8576,7877,699,8,8759,8150,609,7,8951,8418,533,6,8888,8437,451,5,8907,8484,423,5,8741,7991,750,9,8897,8429,468,5,45095,72
13201,GA,"Miller County, GA",2639,2494,145,6,2753,2602,151,6,2849,2721,128,5,2777,2674,103,4,2807,2712,95,3,2770,2660,110,4,2782,2698,84,3,51855,83
13205,GA,"Mitchell County, GA",8619,8029,590,7,8569,7999,570,7,8581,8040,541,6,8393,7934,459,6,8500,8100,400,5,8287,7746,541,7,8228,7813,415,5,38256,61
13207,GA,"Monroe County, GA",12526,11784,742,6,13018,12336,682,5,13234,12638,596,5,13225,12736,489,4,13039,12596,443,3,12899,12254,645,5,13124,12714,410,3,65599,105
13209,GA,"Montgomery County, GA",3671,3347,324,9,3725,3444,281,8,3801,3549,252,7,3869,3644,225,6,3931,3722,209,5,3831,3625,206,5,3858,3699,159,4,47074,75
13211,GA,"Morgan County, GA",8324,7860,464,6,8698,8254,444,5,9076,8665,411,5,9213,8880,333,4,9392,9085,307,3,9222,8732,490,5,9521,9212,309,3,68343,109
13213,GA,"Murray County, GA",15891,14700,1191,8,15645,14521,1124,7,16016,15021,995,6,16034,15174,860,5,15643,14815,828,5,15378,14230,1148,8,15477,14812,665,4,58761,94
13215,GA,"Muscogee County, GA",78024,72100,5924,8,78438,73041,5397,7,79786,75013,4773,6,78991,74911,4080,5,77914,74199,3715,5,77213,71219,5994,8,76629,72553,4076,5,44959,72
13217,GA,"Newton County, GA",47891,44597,3294,7,50006,46972,3034,6,51731,48957,2774,5,52082,49719,2363,5,52934,50793,2141,4,52123,48448,3675,7,53410,51064,2346,4,62183,99
13219,GA,"Oconee County, GA",17385,16602,783,5,18472,17706,766,4,19655,18955,700,4,20133,19529,604,3,20069,19536,533,3,19609,18893,716,4,20285,19842,443,2,104519,166
13221,GA,"Oglethorpe County, GA",6650,6275,375,6,6919,6578,341,5,7123,6813,310,4,7142,6875,267,4,7045,6809,236,3,6845,6522,323,5,7027,6826,201,3,55678,89
13223,GA,"Paulding County, GA",75454,71460,3994,5,79648,75914,3734,5,83612,80127,3485,4,85596,82609,2987,4,87765,85070,2695,3,86807,82242,4565,5,89362,86668,2694,3,77755,124
13225,GA,"Peach County, GA",11163,10263,900,8,11441,10630,811,7,11875,11174,701,6,11890,11266,624,5,11913,11405,508,4,11835,11102,733,6,12060,11498,562,5,51531,82
13227,GA,"Pickens County, GA",13716,12972,744,5,14404,13692,712,5,15123,14471,652,4,15228,14681,547,4,15469,14981,488,3,15031,14319,712,5,15533,15099,434,3,69781,111
13229,GA,"Pierce County, GA",7954,7449,505,6,8556,8097,459,5,8877,8471,406,5,8744,8409,335,4,8701,8392,309,4,8513,8129,384,5,8623,8354,269,3,51696,82
13231,GA,"Pike County, GA",8134,7660,474,6,8402,7961,441,5,8746,8352,394,5,8881,8557,324,4,8999,8714,285,3,8697,8271,426,5,8981,8728,253,3,64986,104
13233,GA,"Polk County, GA",17945,16736,1209,7,18072,16948,1124,6,18663,17679,984,5,18591,17800,791,4,18593,17889,704,4,18280,17199,1081,6,18480,17823,657,4,51040,81
13235,GA,"Pulaski County, GA",3968,3702,266,7,4039,3799,240,6,4133,3914,219,5,4049,3870,179,4,4070,3906,164,4,3953,3767,186,5,4048,3902,146,4,44019,70
13237,GA,"Putnam County, GA",7716,7082,634,8,7955,7388,567,7,8253,7772,481,6,8278,7861,417,5,8334,7958,376,5,8289,7756,533,6,8661,8314,347,4,56104,89
13239,GA,"Quitman County, GA",807,751,56,7,815,755,60,7,841,791,50,6,828,781,47,6,813,770,43,5,795,745,50,6,768,730,38,5,37735,60
13241,GA,"Rabun County, GA",6430,5991,439,7,6700,6299,401,6,6973,6627,346,5,7136,6847,289,4,7326,7058,268,4,7235,6854,381,5,7528,7292,236,3,53038,85
13243,GA,"Randolph County, GA",2399,2177,222,9,2475,2263,212,9,2540,2374,166,7,2488,2348,140,6,2558,2431,127,5,2466,2320,146,6,2373,2250,123,5,36064,57
13245,GA,"Richmond County, GA",83351,77071,6280,8,84842,79035,5807,7,86817,81598,5219,6,86144,81613,4531,5,85470,81412,4058,5,84055,77658,6397,8,84416,79901,4515,5,43942,70
13247,GA,"Rockdale County, GA",41793,39019,2774,7,43254,40714,2540,6,44841,42450,2391,5,44669,42670,1999,5,44649,42863,1786,4,43615,40322,3293,8,44591,42529,2062,5,61332,98
13249,GA,"Schley County, GA",2086,1945,141,7,2117,1982,135,6,2233,2110,123,6,2201,2098,103,5,2260,2170,90,4,2146,2054,92,4,2134,2055,79,4,53163,85
13251,GA,"Screven County, GA",4986,4564,422,9,5240,4840,400,8,5321,4985,336,6,5298,5008,290,6,5166,4875,291,6,5047,4638,409,8,5122,4834,288,6,44061,70
13253,GA,"Seminole County, GA",3057,2805,252,8,3093,2846,247,8,3117,2915,202,7,3050,2886,164,5,3110,2972,138,4,3096,2942,154,5,3059,2945,114,4,41778,67
13255,GA,"Spalding County, GA",26814,24620,2194,8,27798,25863,1935,7,28604,26926,1678,6,28646,27277,1369,5,28770,27562,1208,4,28339,26205,2134,8,28984,27627,1357,5,51019,81
13257,GA,"Stephens County, GA",10739,10025,714,7,11033,10376,657,6,11139,10553,586,5,10980,10471,509,5,10849,10422,427,4,10428,9767,661,6,10512,10059,453,4,46626,74
13259,GA,"Stewart County, GA",2091,1944,147,7,2138,2000,138,7,2303,2165,138,6,2372,2257,115,5,2499,2389,110,4,2513,2373,140,6,2562,2464,98,4,40205,64
13261,GA,"Sumter County, GA",12692,11618,1074,9,12849,11864,985,8,13030,12138,892,7,12734,11967,767,6,12891,12255,636,5,12586,11651,935,7,12334,11627,707,6,42653,68
13263,GA,"Talbot County, GA",2667,2457,210,8,2745,2559,186,7,2821,2647,174,6,2841,2696,145,5,2830,2700,130,5,2756,2570,186,7,2775,2649,126,5,44458,71
13265,GA,"Taliaferro County, GA",587,540,47,8,548,510,38,7,581,542,39,7,570,539,31,5,547,518,29,5,533,495,38,7,535,508,27,5,28004,45
13267,GA,"Tattnall County, GA",9171,8596,575,6,9330,8825,505,5,9687,9205,482,5,9706,9293,413,4,9771,9387,384,4,9670,9258,412,4,9621,9313,308,3,45191,72
13269,GA,"Taylor County, GA",2743,2487,256,9,3323,3071,252,8,2848,2598,250,9,2790,2607,183,7,3039,2909,130,4,2768,2569,199,7,2950,2782,168,6,38783,62
13271,GA,"Telfair County, GA",4772,4350,422,9,4811,4403,408,9,4832,4451,381,8,4370,4073,297,7,4307,3894,413,10,3799,3426,373,10,3735,3467,268,7,38161,61
13273,GA,"Terrell County, GA",3590,3318,272,8,3657,3417,240,7,3703,3479,224,6,3582,3340,242,7,3553,3369,184,5,3527,3264,263,8,3568,3347,221,6,39433,63
13275,GA,"Thomas County, GA",16626,15403,1223,7,17533,16425,1108,6,17382,16366,1016,6,16919,16116,803,5,17033,16339,694,4,16997,15944,1053,6,17576,16841,735,4,57969,92
13277,GA,"Tift County, GA",18137,17009,1128,6,18553,17541,1012,6,19316,18407,909,5,19395,18610,785,4,20340,19643,697,3,20533,19496,1037,5,21225,20501,724,3,45093,72
13279,GA,"Toombs County, GA",11735,10693,1042,9,11789,10856,933,8,11934,11148,786,7,11896,11196,700,6,12027,11422,605,5,12159,11372,787,7,12171,11627,544,5,42165,67
13281,GA,"Towns County, GA",3873,3562,311,8,4108,3825,283,7,3802,3550,252,7,3922,3699,223,6,3980,3781,199,5,3871,3617,254,7,4055,3895,160,4,43640,70
13283,GA,"Treutlen County, GA",2671,2440,231,9,2743,2529,214,8,2762,2575,187,7,2714,2555,159,6,2732,2586,146,5,2658,2497,161,6,2630,2518,112,4,40834,65
13285,GA,"Troup County, GA",35191,33016,2175,6,36835,34934,1901,5,37728,36055,1673,4,36758,35381,1377,4,38059,36806,1253,3,37586,34897,2689,7,37678,36030,1648,4,51799,83
13287,GA,"Turner County, GA",3157,2939,218,7,3236,3024,212,7,3308,3121,187,6,3183,3020,163,5,3226,3100,126,4,3262,3025,237,7,3283,3073,210,6,46042,73
13289,GA,"Twiggs County, GA",2933,2661,272,9,2950,2690,260,9,2998,2770,228,8,2930,2755,175,6,2863,2698,165,6,2786,2579,207,7,2804,2661,143,5,46444,74
13291,GA,"Union County, GA",9719,9190,529,5,10451,9949,502,5,10252,9786,466,5,10352,9968,384,4,10516,10174,342,3,10546,10087,459,4,11094,10794,300,3,50653,81
13293,GA,"Upson County, GA",11006,10195,811,7,11143,10415,728,7,11387,10759,628,6,11398,10891,507,4,11430,11008,422,4,11367,10625,742,7,11628,11162,466,4,48233,77
13295,GA,"Walker County, GA",29064,27298,1766,6,29938,28247,1691,6,31170,29750,1420,5,31362,30136,1226,4,31462,30288,1174,4,30562,29065,1497,5,31304,30327,977,3,49388,79
13297,GA,"Walton County, GA",41195,38928,2267,6,43382,41222,2160,5,45166,43196,1970,4,45841,44183,1658,4,46257,44765,1492,3,45552,43123,2429,5,46945,45448,1497,3,71390,114
13299,GA,"Ware County, GA",14324,13375,949,7,15484,14637,847,6,15979,15248,731,5,15612,14991,621,4,15524,14927,597,4,15302,14456,846,6,15404,14837,567,4,39994,64
13301,GA,"Warren County, GA",2610,2403,207,8,2700,2510,190,7,2750,2588,162,6,2760,2622,138,5,2766,2630,136,5,2639,2461,178,7,2684,2558,126,5,40422,64
13303,GA,"Washington County, GA",7117,6611,506,7,7184,6723,461,6,7440,6998,442,6,7164,6801,363,5,7070,6765,305,4,6924,6483,441,6,6875,6532,343,5,43309,69
13305,GA,"Wayne County, GA",11439,10596,843,7,11296,10512,784,7,11467,10808,659,6,11425,10886,539,5,11535,11054,481,4,11557,10916,641,6,11919,11473,446,4,48885,78
13307,GA,"Webster County, GA",957,866,91,10,967,883,84,9,1004,928,76,8,1001,938,63,6,1029,977,52,5,1015,958,57,6,992,948,44,4,45381,72
13309,GA,"Wheeler County, GA",1676,1491,185,11,1734,1576,158,9,1756,1598,158,9,1671,1547,124,7,1678,1552,126,8,1611,1495,116,7,1637,1547,90,6,36671,58
13311,GA,"White County, GA",13625,12906,719,5,14481,13801,680,5,15854,15237,617,4,16198,15699,499,3,16583,16118,465,3,16247,15545,702,4,16616,16194,422,3,58831,94
13313,GA,"Whitfield County, GA",45084,42154,2930,7,44742,41968,2774,6,45374,42883,2491,6,45116,42939,2177,5,43978,41941,2037,5,43110,40013,3097,7,43361,41664,1697,4,56249,90
13315,GA,"Wilcox County, GA",2713,2496,217,8,2720,2521,199,7,2792,2629,163,6,2687,2545,142,5,2718,2594,124,5,2754,2588,166,6,2778,2649,129,5,40856,65
13317,GA,"Wilkes County, GA",3847,3564,283,7,3708,3459,249,7,3852,3633,219,6,3833,3652,181,5,3816,3634,182,5,3642,3397,245,7,3657,3486,171,5,42071,67
13319,GA,"Wilkinson County, GA",3563,3298,265,7,3650,3416,234,6,3847,3628,219,6,3853,3680,173,5,4057,3899,158,4,3801,3600,201,5,3657,3505,152,4,44068,70
13321,GA,"Worth County, GA",8744,8168,576,7,9125,8586,539,6,9357,8899,458,5,8969,8565,404,5,9062,8700,362,4,8813,8335,478,5,8888,8536,352,4,47907,76
15001,HI,"Hawaii County, HI",89418,85690,3728,4,92474,89228,3246,4,95104,92655,2449,3,94721,92033,2688,3,93600,90674,2926,3,91636,80942,10694,12,93848,88679,5169,6,70313,81
15003,HI,"Honolulu County/city, HI",460605,445679,14926,3,463370,450745,12625,3,472592,462531,10061,2,469477,458834,10643,2,463895,453077,10818,2,449402,402127,47275,11,451661,427780,23881,5,89584,103
15007,HI,"Kauai County, HI",35836,34485,1351,4,36587,35468,1119,3,37831,37008,823,2,37508,36616,892,2,37682,36770,912,2,36330,30307,6023,17,35949,33153,2796,8,80517,93
15009,HI,"Maui County, HI",84736,81762,2974,4,86690,84117,2573,3,89776,87671,2105,2,90276,88198,2078,2,89513,87393,2120,2,85122,69603,15519,18,86954,80575,6379,7,80763,93
16001,ID,"Ada County, ID",217455,210124,7331,3,225135,217925,7210,3,236081,229402,6679,3,246302,240076,6226,3,256429,249853,6576,3,259488,245265,14223,6,266936,258240,8696,3,73324,117
16003,ID,"Adams County, ID",1712,1591,121,7,1740,1624,116,7,1760,1659,101,6,1730,1634,96,6,1734,1615,119,7,1776,1606,170,10,1804,1685,119,7,49967,80
16005,ID,"Bannock County, ID",41928,40372,1556,4,41066,39648,1418,4,41785,40502,1283,3,41994,40820,1174,3,42950,41720,1230,3,42314,40211,2103,5,42735,41215,1520,4,54538,87
16007,ID,"Bear Lake County, ID",2832,2714,118,4,2808,2684,124,4,2849,2758,91,3,2873,2790,83,3,2999,2910,89,3,3088,2956,132,4,3121,3027,94,3,55689,89
16009,ID,"Benewah County, ID",4031,3786,245,6,4007,3778,229,6,4033,3808,225,6,4041,3855,186,5,4121,3902,219,5,4164,3843,321,8,4092,3864,228,6,53014,85
16011,ID,"Bingham County, ID",22072,21234,838,4,22783,22007,776,3,23189,22496,693,3,23447,22798,649,3,23979,23330,649,3,23923,22984,939,4,24278,23503,775,3,65658,105
16013,ID,"Blaine County, ID",11839,11449,390,3,11843,11482,361,3,12310,11992,318,3,12411,12111,300,2,12447,12116,331,3,12800,11790,1010,8,12885,12416,469,4,76301,122
16015,ID,"Boise County, ID",3049,2870,179,6,3092,2935,157,5,3227,3072,155,5,3409,3264,145,4,3550,3395,155,4,3647,3353,294,8,3734,3532,202,5,55583,89
16017,ID,"Bonner County, ID",18517,17493,1024,6,18871,17879,992,5,19387,18510,877,5,19792,18969,823,4,20253,19390,863,4,21174,19536,1638,8,21552,20519,1033,5,55241,88
16019,ID,"Bonneville County, ID",51063,49414,1649,3,52377,50762,1615,3,53921,52459,1462,3,55541,54180,1361,3,57575,56173,1402,2,58505,56095,2410,4,60471,58722,1749,3,67294,108
16021,ID,"Boundary County, ID",5089,4829,260,5,5098,4841,257,5,5186,4938,248,5,5296,5060,236,5,5409,5162,247,5,5538,5186,352,6,5597,5353,244,4,52193,83
16023,ID,"Butte County, ID",1278,1224,54,4,1293,1241,52,4,1341,1301,40,3,1371,1326,45,3,1386,1349,37,3,1394,1343,51,4,1447,1392,55,4,52081,83
16025,ID,"Camas County, ID",649,628,21,3,658,635,23,4,687,668,19,3,692,676,16,2,688,668,20,3,691,657,34,5,704,680,24,3,59409,95
16027,ID,"Canyon County, ID",91002,86781,4221,5,93555,89622,3933,4,97206,93690,3516,4,101255,98059,3196,3,105652,102201,3451,3,107190,100806,6384,6,110244,105885,4359,4,57886,93
16029,ID,"Caribou County, ID",3768,3624,144,4,3792,3661,131,4,3890,3768,122,3,3895,3785,110,3,4145,4032,113,3,4123,3972,151,4,4128,4000,128,3,63719,102
16031,ID,"Cassia County, ID",11476,11120,356,3,11589,11254,335,3,11801,11505,296,3,11856,11588,268,2,12252,11950,302,3,12447,11982,465,4,12613,12248,365,3,64591,103
16033,ID,"Clark County, ID",396,382,14,4,393,381,12,3,401,389,12,3,384,372,12,3,380,365,15,4,378,363,15,4,377,365,12,3,52182,83
16035,ID,"Clearwater County, ID",3078,2848,230,8,3045,2830,215,7,3026,2815,211,7,2934,2732,202,7,2924,2724,200,7,3044,2787,257,8,3033,2837,196,7,45377,73
16037,ID,"Custer County, ID",2127,1996,131,6,2138,2033,105,5,2174,2081,93,4,2196,2107,89,4,2240,2145,95,4,2239,2125,114,5,2279,2173,106,5,53278,85
16039,ID,"Elmore County, ID",10745,10274,471,4,10948,10511,437,4,11263,10850,413,4,11472,11091,381,3,11662,11275,387,3,11910,11323,587,5,12015,11566,449,4,49450,79
16041,ID,"Franklin County, ID",6461,6274,187,3,6639,6442,197,3,6798,6641,157,2,6915,6763,152,2,7135,6966,169,2,7182,6922,260,4,7369,7187,182,3,65396,105
16043,ID,"Fremont County, ID",7185,6943,242,3,7367,7127,240,3,7667,7463,204,3,7824,7632,192,3,7818,7633,185,2,7922,7625,297,4,8191,7955,236,3,58658,94
16045,ID,"Gem County, ID",7532,7164,368,5,7723,7373,350,5,7922,7605,317,4,8103,7818,285,4,8397,8115,282,3,8519,8010,509,6,8739,8380,359,4,60526,97
16047,ID,"Gooding County, ID",7988,7731,257,3,7997,7759,238,3,8077,7877,200,3,8145,7947,198,2,8286,8066,220,3,8300,7977,323,4,8381,8117,264,3,57728,92
16049,ID,"Idaho County, ID",6392,6023,369,6,6334,5986,348,6,6353,6038,315,5,6473,6166,307,5,6633,6331,302,5,6738,6279,459,7,6822,6487,335,5,51201,82
16051,ID,"Jefferson County, ID",12484,12089,395,3,12823,12439,384,3,13169,12833,336,3,13695,13380,315,2,14107,13774,333,2,14201,13703,498,4,14673,14274,399,3,66806,107
16053,ID,"Jerome County, ID",11347,10999,348,3,11344,10998,346,3,11719,11388,331,3,12051,11740,311,3,12348,12023,325,3,12174,11674,500,4,12348,11936,412,3,57342,92
16055,ID,"Kootenai County, ID",71601,68225,3376,5,73762,70446,3316,5,76222,73269,2953,4,78234,75468,2766,4,80800,77878,2922,4,81939,76149,5790,7,82719,79179,3540,4,66959,107
16057,ID,"Latah County, ID",19499,18875,624,3,19892,19281,611,3,20187,19649,538,3,20312,19799,513,3,20640,20082,558,3,19745,18787,958,5,19857,19197,660,3,59834,96
16059,ID,"Lemhi County, ID",3373,3153,220,7,3403,3202,201,6,3500,3318,182,5,3529,3370,159,5,3586,3414,172,5,3654,3405,249,7,3713,3515,198,5,48908,78
16061,ID,"Lewis County, ID",1590,1506,84,5,1624,1524,100,6,1625,1530,95,6,1629,1538,91,6,1648,1556,92,6,1658,1527,131,8,1661,1567,94,6,52255,84
16063,ID,"Lincoln County, ID",2642,2531,111,4,2639,2525,114,4,2721,2633,88,3,2722,2628,94,4,2698,2600,98,4,2657,2496,161,6,2698,2578,120,4,58806,94
16065,ID,"Madison County, ID",19808,19315,493,3,20565,20083,482,2,21323,20918,405,2,21778,21397,381,2,22187,21774,413,2,22398,21780,618,3,23322,22810,512,2,53727,86
16067,ID,"Minidoka County, ID",10698,10333,365,3,10871,10535,336,3,11067,10769,298,3,11101,10819,282,3,11499,11205,294,3,11686,11226,460,4,11852,11480,372,3,56022,90
16069,ID,"Nez Perce County, ID",20641,19932,709,3,20861,20198,663,3,21308,20698,610,3,21091,20501,590,3,21153,20549,604,3,20899,19861,1038,5,20918,20235,683,3,57839,92
16071,ID,"Oneida County, ID",2129,2059,70,3,2200,2123,77,4,2271,2205,66,3,2345,2293,52,2,2339,2285,54,2,2348,2248,100,4,2578,2514,64,3,69357,111
16073,ID,"Owyhee County, ID",5215,4983,232,4,5276,5042,234,4,5341,5129,212,4,5444,5244,200,4,5469,5280,189,4,5556,5221,335,6,5604,5361,243,4,53910,86
16075,ID,"Payette County, ID",11101,10589,512,5,11247,10742,505,5,11563,11104,459,4,11623,11200,423,4,11808,11381,427,4,12012,11362,650,5,12081,11598,483,4,60177,96
16077,ID,"Power County, ID",3877,3710,167,4,3927,3772,155,4,3982,3847,135,3,4105,3984,121,3,4115,3986,129,3,4139,3968,171,4,4159,3999,160,4,45404,73
16079,ID,"Shoshone County, ID",5115,4746,369,7,5108,4757,351,7,5069,4749,320,6,5104,4806,298,6,5201,4891,310,6,5473,4963,510,9,5499,5135,364,7,44336,71
16081,ID,"Teton County, ID",5830,5644,186,3,5980,5793,187,3,6173,6015,158,3,6450,6302,148,2,6674,6522,152,2,6701,6316,385,6,7105,6898,207,3,74935,120
16083,ID,"Twin Falls County, ID",39060,37719,1341,3,39555,38249,1306,3,40399,39174,1225,3,40915,39791,1124,3,41632,40449,1183,3,41544,39322,2222,5,42103,40600,1503,4,54995,88
16085,ID,"Valley County, ID",4787,4514,273,6,4959,4701,258,5,5174,4946,228,4,5380,5175,205,4,5601,5379,222,4,5691,5231,460,8,5784,5480,304,5,62600,100
16087,ID,"Washington County, ID",4563,4316,247,5,4595,4350,245,5,4633,4416,217,5,4656,4461,195,4,4647,4452,195,4,4769,4505,264,6,4838,4627,211,4,49186,79
17001,IL,"Adams County, IL",32579,30956,1623,5,32621,31068,1553,5,32432,31172,1260,4,32975,31715,1260,4,32290,31239,1051,3,31139,29136,2003,6,30856,29647,1209,4,57434,81
17003,IL,"Alexander County, IL",2297,2086,211,9,2215,2008,207,9,2136,1957,179,8,2074,1905,169,8,1947,1828,119,6,1834,1644,190,10,1831,1682,149,8,38315,54
17005,IL,"Bond County, IL",7795,7381,414,5,7911,7506,405,5,7930,7579,351,4,7818,7480,338,4,7783,7498,285,4,7396,6876,520,7,7425,7084,341,5,58209,82
17007,IL,"Boone County, IL",26343,24621,1722,7,26437,24753,1684,6,26202,24445,1757,7,26663,25147,1516,6,26397,24983,1414,5,25318,22421,2897,11,24982,22849,2133,9,82318,116
17009,IL,"Brown County, IL",2782,2683,99,4,2868,2771,97,3,2865,2783,82,3,2889,2814,75,3,3009,2938,71,2,2981,2864,117,4,3012,2937,75,3,52277,73
17011,IL,"Bureau County, IL",17142,16037,1105,6,17450,16393,1057,6,17412,16558,854,5,17536,16673,863,5,17225,16457,768,5,16377,15110,1267,8,16347,15536,811,5,57728,81
17013,IL,"Calhoun County, IL",2345,2187,158,7,2383,2237,146,6,2338,2212,126,5,2331,2211,120,5,2316,2213,103,4,2171,1999,172,8,2164,2061,103,5,61648,87
17015,IL,"Carroll County, IL",7950,7516,434,6,7900,7452,448,6,7630,7277,353,5,7494,7163,331,4,7390,7101,289,4,7432,6892,540,7,7545,7226,319,4,53965,76
17017,IL,"Cass County, IL",6437,6072,365,6,6239,5890,349,6,6156,5877,279,5,6133,5860,273,5,6086,5846,240,4,5810,5417,393,7,5667,5389,278,5,54205,76
17019,IL,"Champaign County, IL",107403,101976,5427,5,107858,102462,5396,5,107070,102504,4566,4,108359,103728,4631,4,109107,105208,3899,4,106836,99733,7103,7,108489,103230,5259,5,64387,90
17021,IL,"Christian County, IL",15428,14406,1022,7,15355,14373,982,6,14780,13994,786,5,14808,14033,775,5,14519,13849,670,5,13498,12378,1120,8,13401,12671,730,5,56656,80
17023,IL,"Clark County, IL",8095,7591,504,6,8197,7720,477,6,7903,7504,399,5,7832,7415,417,5,7656,7315,341,5,7285,6699,586,8,7233,6870,363,5,59633,84
17025,IL,"Clay County, IL",6630,6160,470,7,6734,6274,460,7,6655,6301,354,5,6695,6348,347,5,6478,6197,281,4,6194,5601,593,10,5900,5574,326,6,59602,84
17027,IL,"Clinton County, IL",20114,19206,908,5,20537,19621,916,5,20331,19610,721,4,20489,19766,723,4,20634,20022,612,3,19653,18485,1168,6,19742,19061,681,3,71883,101
17029,IL,"Coles County, IL",24131,22667,1464,6,24628,23173,1455,6,24489,23344,1145,5,24257,23125,1132,5,23883,22966,917,4,23059,21314,1745,8,22756,21591,1165,5,46900,66
17031,IL,"Cook County, IL",2647903,2481137,166766,6,2664757,2500070,164687,6,2689206,2551081,138125,5,2673365,2561204,112161,4,2684430,2578917,105513,4,2624052,2351173,272879,10,2594101,2411555,182546,7,71611,101
17033,IL,"Crawford County, IL",9649,9077,572,6,9065,8498,567,6,8880,8415,465,5,8746,8278,468,5,8686,8327,359,4,8385,7789,596,7,8469,8043,426,5,57632,81
17035,IL,"Cumberland County, IL",5917,5605,312,5,6009,5694,315,5,6129,5883,246,4,6115,5872,243,4,6121,5920,201,3,5926,5582,344,6,5920,5674,246,4,68683,96
17037,IL,"DeKalb County, IL",54841,51776,3065,6,55418,52454,2964,5,54909,52362,2547,5,55365,52946,2419,4,55690,53508,2182,4,52854,48449,4405,8,53006,50012,2994,6,68546,96
17039,IL,"De Witt County, IL",7978,7535,443,6,7975,7521,454,6,7706,7343,363,5,7587,7206,381,5,7462,7152,310,4,6993,6523,470,7,7094,6748,346,5,65526,92
17041,IL,"Douglas County, IL",10170,9673,497,5,10326,9839,487,5,10263,9843,420,4,10325,9908,417,4,10254,9905,349,3,9964,9391,573,6,10153,9778,375,4,63003,88
17043,IL,"DuPage County, IL",511797,487131,24666,5,516779,491849,24930,5,522426,501579,20847,4,522629,505711,16918,3,525102,509120,15982,3,503125,465172,37953,8,499576,477095,22481,5,92101,129
17045,IL,"Edgar County, IL",9448,8856,592,6,9747,9163,584,6,9475,9008,467,5,9314,8873,441,5,8957,8588,369,4,8875,8277,598,7,8931,8572,359,4,52668,74
17047,IL,"Edwards County, IL",2950,2774,176,6,2984,2811,173,6,2855,2721,134,5,2791,2662,129,5,2718,2606,112,4,2651,2426,225,9,2550,2420,130,5,55832,78
17049,IL,"Effingham County, IL",18448,17562,886,5,18775,17880,895,5,18920,18199,721,4,19232,18520,712,4,19335,18738,597,3,19186,17889,1297,7,19397,18644,753,4,65172,92
17051,IL,"Fayette County, IL",9718,9078,640,7,9786,9149,637,7,9688,9159,529,6,9822,9315,507,5,9930,9514,416,4,9700,8963,737,8,9804,9303,501,5,49030,69
17053,IL,"Ford County, IL",6662,6309,353,5,6683,6319,364,5,6462,6151,311,5,6456,6156,300,5,6352,6090,262,4,6156,5746,410,7,6207,5932,275,4,58478,82
17055,IL,"Franklin County, IL",16518,15180,1338,8,16765,15406,1359,8,16609,15533,1076,7,16932,15897,1035,6,16417,15570,847,5,15935,14230,1705,11,15656,14618,1038,7,49834,70
17057,IL,"Fulton County, IL",15813,14606,1207,8,15871,14697,1174,7,15503,14512,991,6,15305,14366,939,6,15205,14396,809,5,14556,13290,1266,9,14421,13601,820,6,48828,69
17059,IL,"Gallatin County, IL",2470,2305,165,7,2546,2352,194,8,2474,2327,147,6,2454,2309,145,6,2339,2227,112,5,2009,1819,190,10,1954,1835,119,6,44282,62
17061,IL,"Greene County, IL",6057,5685,372,6,6095,5740,355,6,6026,5720,306,5,6028,5737,291,5,6060,5812,248,4,5882,5491,391,7,5874,5601,273,5,51242,72
17063,IL,"Grundy County, IL",25482,23690,1792,7,25767,23999,1768,7,26041,24528,1513,6,26206,24936,1270,5,26525,25297,1228,5,25379,23211,2168,9,25122,23796,1326,5,74935,105
17065,IL,"Hamilton County, IL",4384,4143,241,6,4273,4007,266,6,4468,4268,200,5,4487,4291,196,4,4429,4265,164,4,4201,3918,283,7,4208,4025,183,4,49302,69
17067,IL,"Hancock County, IL",8928,8376,552,6,8868,8289,579,7,8532,8093,439,5,8518,8122,396,5,8419,8041,378,5,8064,7496,568,7,8079,7731,348,4,54076,76
17069,IL,"Hardin County, IL",1531,1401,130,9,1400,1269,131,9,1353,1250,103,8,1334,1235,99,7,1306,1225,81,6,1288,1166,122,10,1322,1233,89,7,39674,56
17071,IL,"Henderson County, IL",3756,3530,226,6,3732,3505,227,6,3653,3467,186,5,3666,3489,177,5,3634,3469,165,5,3534,3283,251,7,3543,3401,142,4,58577,82
17073,IL,"Henry County, IL",25236,23688,1548,6,25322,23793,1529,6,25028,23750,1278,5,25083,23838,1245,5,25076,23934,1142,5,23700,21809,1891,8,23644,22491,1153,5,63859,90
17075,IL,"Iroquois County, IL",14778,13936,842,6,14860,14040,820,6,14621,13949,672,5,14507,13867,640,4,14367,13789,578,4,13541,12684,857,6,13086,12470,616,5,53633,75
17077,IL,"Jackson County, IL",28680,27083,1597,6,28802,27249,1553,5,28103,26842,1261,5,28114,26853,1261,5,27997,26985,1012,4,27136,25004,2132,8,27201,25730,1471,5,45608,64
17079,IL,"Jasper County, IL",4647,4357,290,6,4665,4373,292,6,4493,4269,224,5,4623,4394,229,5,4656,4467,189,4,4572,4290,282,6,4723,4522,201,4,57969,81
17081,IL,"Jefferson County, IL",17203,16040,1163,7,17642,16512,1130,6,17510,16556,954,5,17806,16877,929,5,17429,16663,766,4,16941,15220,1721,10,16498,15476,1022,6,58114,82
17083,IL,"Jersey County, IL",11096,10392,704,6,11102,10455,647,6,10965,10436,529,5,11009,10482,527,5,11065,10601,464,4,10580,9770,810,8,10545,10083,462,4,69341,97
17085,IL,"Jo Daviess County, IL",11471,10842,629,6,11425,10810,615,5,11074,10580,494,5,11070,10594,476,4,10827,10407,420,4,10435,9559,876,8,10552,10087,465,4,56446,79
17087,IL,"Johnson County, IL",4142,3788,354,9,4227,3858,369,9,4122,3813,309,8,4127,3817,310,8,4142,3902,240,6,4083,3712,371,9,4088,3843,245,6,51607,72
17089,IL,"Kane County, IL",268642,253171,15471,6,271322,256305,15017,6,269864,256822,13042,5,274523,261185,13338,5,272881,261268,11613,4,261149,236858,24291,9,259900,244555,15345,6,83784,118
17091,IL,"Kankakee County, IL",54342,50609,3733,7,54935,51381,3554,7,54890,51879,3011,6,55656,52619,3037,6,55937,53259,2678,5,53863,49036,4827,9,52515,49100,3415,7,57413,81
17093,IL,"Kendall County, IL",66247,62762,3485,5,67962,64414,3548,5,69516,66478,3038,4,70561,68014,2547,4,72001,69530,2471,3,70224,64661,5563,8,69542,66284,3258,5,97263,137
17095,IL,"Knox County, IL",23245,21828,1417,6,23035,21619,1416,6,22526,21356,1170,5,22212,21047,1165,5,21779,20747,1032,5,21053,19199,1854,9,20453,19110,1343,7,52881,74
17097,IL,"Lake County, IL",367278,347425,19853,5,373373,353803,19570,5,372970,356138,16832,5,378279,361329,16950,5,377561,362682,14879,4,363910,334143,29767,8,365816,346560,19256,5,100325,141
17099,IL,"LaSalle County, IL",57508,53493,4015,7,57348,53477,3871,7,56177,53036,3141,6,56203,52986,3217,6,54764,51979,2785,5,52669,47627,5042,10,52681,49536,3145,6,62714,88
17101,IL,"Lawrence County, IL",6155,5717,438,7,6200,5741,459,7,6095,5705,390,6,6036,5663,373,6,5920,5608,312,5,5747,5226,521,9,5602,5261,341,6,47408,67
17103,IL,"Lee County, IL",17876,16921,955,5,18097,17168,929,5,17840,17065,775,4,17953,17178,775,4,17642,16972,670,4,17085,15894,1191,7,16913,16144,769,5,64310,90
17105,IL,"Livingston County, IL",17287,16355,932,5,17097,16174,923,5,16684,15941,743,5,16695,15976,719,4,16603,15959,644,4,15874,14784,1090,7,15499,14739,760,5,66274,93
17107,IL,"Logan County, IL",13007,12301,706,5,13097,12398,699,5,12873,12279,594,5,12929,12328,601,5,12672,12146,526,4,12057,11226,831,7,11820,11253,567,5,65255,92
17109,IL,"McDonough County, IL",14096,13236,860,6,14086,13203,883,6,13541,12862,679,5,13402,12742,660,5,13448,12852,596,4,12774,11844,930,7,12693,12069,624,5,52155,73
17111,IL,"McHenry County, IL",165854,156760,9094,6,167872,158890,8982,5,170561,163010,7551,4,170418,164248,6170,4,171810,165911,5899,3,164754,151528,13226,8,163096,155389,7707,5,89730,126
17113,IL,"McLean County, IL",91406,87031,4375,5,90908,86313,4595,5,89435,85748,3687,4,89202,85542,3660,4,88203,85039,3164,4,84781,78925,5856,7,85656,81746,3910,5,71919,101
17115,IL,"Macon County, IL",50933,47380,3553,7,50782,47430,3352,7,49665,46914,2751,6,50025,47262,2763,6,48744,46300,2444,5,47056,42338,4718,10,46552,42989,3563,8,57601,81
17117,IL,"Macoupin County, IL",23092,21629,1463,6,23458,22060,1398,6,23010,21885,1125,5,23106,21985,1121,5,23057,22117,940,4,21896,20351,1545,7,21984,20988,996,5,53312,75
17119,IL,"Madison County, IL",133247,125231,8016,6,135685,127691,7994,6,134303,127896,6407,5,134724,128681,6043,5,135030,129990,5040,4,130887,120552,10335,8,130828,124425,6403,5,63903,90
17121,IL,"Marion County, IL",18125,16898,1227,7,18104,16947,1157,6,17707,16778,929,5,17900,17028,872,5,17706,16958,748,4,17044,15441,1603,9,16810,15835,975,6,52019,73
17123,IL,"Marshall County, IL",5716,5336,380,7,5656,5280,376,7,5464,5169,295,5,5447,5162,285,5,5346,5101,245,5,5060,4680,380,8,5092,4806,286,6,54022,76
17125,IL,"Mason County, IL",6620,6147,473,7,6466,6005,461,7,6433,6042,391,6,6328,5954,374,6,6296,5976,320,5,5908,5428,480,8,5904,5584,320,5,53503,75
17127,IL,"Massac County, IL",6090,5645,445,7,6018,5588,430,7,5855,5476,379,7,5731,5335,396,7,5610,5311,299,5,5413,4866,547,10,5368,5059,309,6,49054,69
17129,IL,"Menard County, IL",6624,6306,318,5,6772,6454,318,5,6516,6240,276,4,6541,6275,266,4,6410,6174,236,4,6043,5647,396,7,6145,5893,252,4,69749,98
17131,IL,"Mercer County, IL",8243,7728,515,6,8258,7744,514,6,8080,7666,414,5,8134,7710,424,5,8068,7681,387,5,7597,6971,626,8,7555,7184,371,5,62857,88
17133,IL,"Monroe County, IL",18128,17333,795,4,18565,17810,755,4,18506,17877,629,3,18809,18168,641,3,19180,18619,561,3,18371,17334,1037,6,18465,17886,579,3,90880,128
17135,IL,"Montgomery County, IL",12037,11123,914,8,12160,11297,863,7,11942,11261,681,6,11929,11231,698,6,11769,11184,585,5,11430,10421,1009,9,11279,10668,611,5,59497,84
17137,IL,"Morgan County, IL",16959,16106,853,5,17005,16165,840,5,16441,15721,720,4,16401,15682,719,4,16515,15882,633,4,15854,14746,1108,7,15739,14958,781,5,54764,77
17139,IL,"Moultrie County, IL",7386,7064,322,4,7475,7133,342,5,7339,7055,284,4,7530,7247,283,4,7618,7376,242,3,7244,6870,374,5,7337,7077,260,4,61022,86
17141,IL,"Ogle County, IL",25947,24345,1602,6,25900,24368,1532,6,25428,24125,1303,5,25519,24256,1263,5,25002,23845,1157,5,24093,22102,1991,8,23645,22277,1368,6,71470,100
17143,IL,"Peoria County, IL",90083,83891,6192,7,88412,82310,6102,7,86296,81231,5065,6,86643,81849,4794,6,85172,81021,4151,5,83410,74688,8722,11,82725,76764,5961,7,53506,75
17145,IL,"Perry County, IL",8873,8239,634,7,8743,8121,622,7,8415,7909,506,6,8475,7973,502,6,8341,7931,410,5,8068,7298,770,10,7928,7472,456,6,55132,77
17147,IL,"Piatt County, IL",8556,8135,421,5,8729,8305,424,5,8557,8209,348,4,8591,8230,361,4,8619,8320,299,4,8351,7887,464,6,8495,8153,342,4,69521,98
17149,IL,"Pike County, IL",7628,7232,396,5,7542,7155,387,5,7302,6971,331,5,7235,6889,346,5,7054,6762,292,4,6731,6323,408,6,6787,6510,277,4,48815,69
17151,IL,"Pope County, IL",1769,1645,124,7,1774,1647,127,7,1786,1670,116,7,1765,1659,106,6,1685,1596,89,5,1638,1506,132,8,1676,1591,85,5,49071,69
17153,IL,"Pulaski County, IL",2093,1907,186,9,2203,2017,186,8,2127,1958,169,8,2077,1911,166,8,1953,1829,124,6,1757,1549,208,12,1702,1544,158,9,40481,57
17155,IL,"Putnam County, IL",3046,2858,188,6,3121,2945,176,6,3007,2858,149,5,3048,2888,160,5,3041,2893,148,5,2938,2689,249,9,2956,2808,148,5,70070,98
17157,IL,"Randolph County, IL",14329,13550,779,5,14609,13878,731,5,14201,13575,626,4,14228,13609,619,4,14340,13841,499,4,13728,12740,988,7,13674,13082,592,4,56867,80
17159,IL,"Richland County, IL",7478,7038,440,6,7574,7124,450,6,7560,7198,362,5,7521,7174,347,5,7257,6974,283,4,7350,6843,507,7,7057,6753,304,4,56900,80
17161,IL,"Rock Island County, IL",72708,68066,4642,6,72387,67847,4540,6,71323,67677,3646,5,71529,67823,3706,5,70995,67620,3375,5,68489,61912,6577,10,67709,63924,3785,6,58022,81
17163,IL,"St. Clair County, IL",126401,118065,8336,7,127728,119971,7757,6,126599,120179,6420,5,127097,120729,6368,5,127373,121998,5375,4,124057,112587,11470,9,123792,116222,7570,6,61863,87
17165,IL,"Saline County, IL",10367,9563,804,8,10092,9228,864,9,9783,9152,631,6,9881,9246,635,6,9661,9173,488,5,9502,8559,943,10,9274,8661,613,7,45793,64
17167,IL,"Sangamon County, IL",103571,98071,5500,5,104237,99031,5206,5,101845,97335,4510,4,101647,97167,4480,4,99908,96007,3901,4,96553,88467,8086,8,97844,92423,5421,6,60541,85
17169,IL,"Schuyler County, IL",3487,3283,204,6,3372,3183,189,6,3340,3188,152,5,3345,3198,147,4,3265,3136,129,4,3126,2929,197,6,3150,3026,124,4,53686,75
17171,IL,"Scott County, IL",2556,2405,151,6,2538,2394,144,6,2458,2329,129,5,2486,2358,128,5,2512,2398,114,5,2347,2189,158,7,2296,2179,117,5,59285,83
17173,IL,"Shelby County, IL",10261,9656,605,6,10439,9842,597,6,10427,9966,461,4,10757,10301,456,4,10646,10250,396,4,10210,9539,671,7,10192,9768,424,4,64508,91
17175,IL,"Stark County, IL",2765,2581,184,7,2771,2567,204,7,2571,2408,163,6,2595,2434,161,6,2527,2388,139,6,2352,2178,174,7,2362,2233,129,6,54219,76
17177,IL,"Stephenson County, IL",21576,20149,1427,7,21497,20237,1260,6,21682,20669,1013,5,22219,21190,1029,5,21819,20911,908,4,21056,19492,1564,7,20851,19705,1146,6,57952,81
17179,IL,"Tazewell County, IL",66915,62712,4203,6,66050,61804,4246,6,64722,61264,3458,5,65070,61926,3144,5,64246,61545,2701,4,61851,56747,5104,8,61358,58305,3053,5,69874,98
17181,IL,"Union County, IL",7367,6800,567,8,7555,6995,560,7,7371,6896,475,6,7466,6990,476,6,7465,7062,403,5,7175,6585,590,8,7169,6763,406,6,55736,78
17183,IL,"Vermilion County, IL",35399,32881,2518,7,35043,32499,2544,7,34024,31813,2211,7,33640,31584,2056,6,33145,31518,1627,5,32302,29399,2903,9,31753,29689,2064,7,49678,70
17185,IL,"Wabash County, IL",5633,5314,319,6,5778,5415,363,6,5654,5358,296,5,5826,5538,288,5,5854,5619,235,4,5673,5193,480,9,5409,5165,244,5,56190,79
17187,IL,"Warren County, IL",8580,8132,448,5,8734,8273,461,5,8670,8308,362,4,8729,8367,362,4,8515,8184,331,4,8049,7541,508,6,7782,7425,357,5,57964,81
17189,IL,"Washington County, IL",9371,9016,355,4,9686,9321,365,4,9571,9284,287,3,9890,9601,289,3,10023,9778,245,2,9528,9019,509,5,9551,9264,287,3,69386,97
17191,IL,"Wayne County, IL",7515,6996,519,7,7332,6707,625,9,6960,6531,429,6,6925,6544,381,6,7002,6683,319,5,6760,6190,570,8,6766,6449,317,5,49649,70
17193,IL,"White County, IL",6941,6542,399,6,6919,6464,455,7,6693,6363,330,5,6736,6450,286,4,6627,6381,246,4,6084,5605,479,8,5956,5660,296,5,46080,65
17195,IL,"Whiteside County, IL",28567,26796,1771,6,28851,27177,1674,6,28228,26869,1359,5,28652,27371,1281,5,28759,27593,1166,4,27618,25367,2251,8,27339,26015,1324,5,64413,90
17197,IL,"Will County, IL",356963,334632,22331,6,362899,340783,22116,6,367608,348996,18612,5,367616,352220,15396,4,370932,356223,14709,4,358767,326219,32548,9,354842,334452,20390,6,90349,127
17199,IL,"Williamson County, IL",31983,30002,1981,6,32460,30465,1995,6,31852,30213,1639,5,32198,30576,1622,5,32203,30886,1317,4,31360,28585,2775,9,31145,29419,1726,6,59174,83
17201,IL,"Winnebago County, IL",142199,132206,9993,7,141910,132448,9462,7,139230,130256,8974,6,141660,133661,7999,6,139696,132166,7530,5,135434,119837,15597,12,133417,122161,11256,8,54971,77
17203,IL,"Woodford County, IL",19594,18598,996,5,19433,18367,1066,6,18956,18125,831,4,19114,18341,773,4,18967,18294,673,4,17945,16831,1114,6,18001,17289,712,4,72980,102
18001,IN,"Adams County, IN",16898,16257,641,4,17057,16454,603,4,17260,16812,448,3,17515,17062,453,3,17396,16929,467,3,16776,15831,945,6,16691,16326,365,2,58602,96
18003,IN,"Allen County, IN",178004,169861,8143,5,181043,173422,7621,4,181184,175203,5981,3,184869,179078,5791,3,187735,181889,5846,3,185442,170981,14461,8,184097,177326,6771,4,61039,100
18005,IN,"Bartholomew County, IN",43579,42013,1566,4,44497,43010,1487,3,44507,43301,1206,3,45181,44002,1179,3,45228,44108,1120,3,43673,40792,2881,7,42821,41594,1227,3,70545,116
18007,IN,"Benton County, IN",4578,4374,204,5,4570,4379,191,4,4496,4344,152,3,4567,4421,146,3,4539,4396,143,3,4162,3938,224,5,4199,4085,114,3,59663,98
18009,IN,"Blackford County, IN",5241,4927,314,6,5341,5059,282,5,5340,5127,213,4,5327,5124,203,4,5013,4820,193,4,4829,4440,389,8,4685,4512,173,4,49105,81
18011,IN,"Boone County, IN",33492,32264,1228,4,34896,33733,1163,3,35395,34398,997,3,36241,35270,971,3,36757,35861,896,2,36106,34547,1559,4,36964,36190,774,2,92302,152
18013,IN,"Brown County, IN",7442,7088,354,5,7531,7232,299,4,7556,7301,255,3,7701,7460,241,3,7646,7418,228,3,7532,7018,514,7,7637,7389,248,3,70930,117
18015,IN,"Carroll County, IN",10021,9589,432,4,10118,9695,423,4,10072,9730,342,3,10238,9906,332,3,10131,9826,305,3,9408,8816,592,6,9497,9219,278,3,62388,103
18017,IN,"Cass County, IN",17758,16947,811,5,18065,17238,827,5,17889,17213,676,4,18276,17611,665,4,18089,17470,619,3,17636,16420,1216,7,17216,16594,622,4,50419,83
18019,IN,"Clark County, IN",58777,56146,2631,5,60593,58105,2488,4,60883,58780,2103,4,61947,59852,2095,3,62520,60480,2040,3,61662,57175,4487,7,61556,59580,1976,3,65555,108
18021,IN,"Clay County, IN",12365,11715,650,5,12399,11826,573,5,12284,11831,453,4,12338,11862,476,4,11822,11394,428,4,11593,10826,767,7,11473,11063,410,4,56422,93
18023,IN,"Clinton County, IN",16917,16241,676,4,17170,16512,658,4,16976,16460,516,3,17204,16723,481,3,17276,16818,458,3,16738,15785,953,6,16723,16261,462,3,59503,98
18025,IN,"Crawford County, IN",4914,4619,295,6,5003,4725,278,6,4946,4728,218,4,4954,4735,219,4,4888,4690,198,4,4869,4515,354,7,4788,4613,175,4,46884,77
18027,IN,"Daviess County, IN",15695,15104,591,4,15990,15432,558,4,15943,15501,442,3,16531,16088,443,3,16818,16385,433,3,16549,15909,640,4,16405,16030,375,2,53101,87
18029,IN,"Dearborn County, IN",25210,23925,1285,5,25622,24431,1191,5,25754,24769,985,4,25901,24967,934,4,25962,25055,907,4,25346,23576,1770,7,25257,24500,757,3,73459,121
18031,IN,"Decatur County, IN",14291,13713,578,4,14571,14059,512,4,14699,14273,426,3,14964,14522,442,3,15517,15089,428,3,14956,13821,1135,8,14786,14368,418,3,61561,101
18033,IN,"DeKalb County, IN",21781,20891,890,4,22257,21397,860,4,22266,21621,645,3,22528,21896,632,3,22746,22111,635,3,22211,20670,1541,7,22028,21434,594,3,62411,103
18035,IN,"Delaware County, IN",54427,51349,3078,6,55129,52342,2787,5,54357,52060,2297,4,54201,52048,2153,4,53692,51643,2049,4,52470,48593,3877,7,51868,49842,2026,4,46612,77
18037,IN,"Dubois County, IN",22673,21910,763,3,23421,22702,719,3,23201,22607,594,3,23363,22791,572,2,23253,22705,548,2,22595,21563,1032,5,22020,21490,530,2,64120,106
18039,IN,"Elkhart County, IN",104706,100665,4041,4,108584,104854,3730,3,112355,109531,2824,3,116165,113186,2979,3,112981,109538,3443,3,110525,102105,8420,8,115907,113007,2900,3,66801,110
18041,IN,"Fayette County, IN",8987,8400,587,7,9358,8827,531,6,9076,8624,452,5,9165,8745,420,5,8798,8388,410,5,8600,7753,847,10,8393,8023,370,4,53616,88
18043,IN,"Floyd County, IN",39855,38157,1698,4,41025,39369,1656,4,40885,39537,1348,3,41855,40494,1361,3,42282,40974,1308,3,41324,38615,2709,7,41370,40221,1149,3,70610,116
18045,IN,"Fountain County, IN",8039,7565,474,6,7977,7520,457,6,7910,7597,313,4,8105,7815,290,4,8054,7776,278,4,7732,7219,513,7,7628,7409,219,3,55627,92
18047,IN,"Franklin County, IN",11386,10812,574,5,11490,10998,492,4,11217,10816,401,4,11413,10995,418,4,11517,11128,389,3,11319,10644,675,6,11196,10893,303,3,71828,118
18049,IN,"Fulton County, IN",9859,9391,468,5,9896,9439,457,5,9765,9428,337,4,10011,9679,332,3,9924,9615,309,3,9676,9034,642,7,9445,9133,312,3,55895,92
18051,IN,"Gibson County, IN",18859,18147,712,4,19219,18532,687,4,19111,18553,558,3,19455,18943,512,3,19629,19140,489,3,19577,18352,1225,6,19133,18653,480,3,59074,97
18053,IN,"Grant County, IN",32517,30766,1751,5,32170,30606,1564,5,31847,30623,1224,4,32202,30982,1220,4,31933,30769,1164,4,31602,29582,2020,6,31094,29939,1155,4,49788,82
18055,IN,"Greene County, IN",13750,12811,939,7,13751,12864,887,7,13605,12966,639,5,13752,13152,600,4,13700,13140,560,4,13267,12435,832,6,13423,12967,456,3,55213,91
18057,IN,"Hamilton County, IN",167231,161612,5619,3,174686,169167,5519,3,178341,173483,4858,3,183248,178344,4904,3,188283,183590,4693,3,184949,176246,8703,5,188744,184603,4141,2,96359,159
18059,IN,"Hancock County, IN",37367,35800,1567,4,38727,37281,1446,4,39143,37972,1171,3,40186,38982,1204,3,41243,40094,1149,3,40767,38451,2316,6,41318,40259,1059,3,77916,128
18061,IN,"Harrison County, IN",19379,18496,883,5,19976,19148,828,4,19922,19237,685,3,20434,19741,693,3,20510,19861,649,3,19966,18699,1267,6,20019,19485,534,3,62082,102
18063,IN,"Hendricks County, IN",82856,79705,3151,4,85878,82920,2958,3,87205,84702,2503,3,89701,87137,2564,3,91794,89345,2449,3,90251,85655,4596,5,91963,89665,2298,3,86905,143
18065,IN,"Henry County, IN",21659,20516,1143,5,22136,21128,1008,5,22177,21373,804,4,22445,21667,778,4,22252,21534,718,3,21883,20431,1452,7,21673,20971,702,3,54002,89
18067,IN,"Howard County, IN",36982,35148,1834,5,38114,36365,1749,5,37973,36537,1436,4,37468,35952,1516,4,36596,35132,1464,4,37140,33065,4075,11,34727,32591,2136,6,59309,98
18069,IN,"Huntington County, IN",18639,17828,811,4,18707,17958,749,4,18403,17752,651,4,18401,17757,644,4,18352,17759,593,3,18060,16857,1203,7,18004,17472,532,3,59252,98
18071,IN,"Jackson County, IN",21784,20922,862,4,22370,21563,807,4,22451,21787,664,3,22850,22206,644,3,23020,22418,602,3,23103,21431,1672,7,23214,22522,692,3,62415,103
18073,IN,"Jasper County, IN",16357,15411,946,6,16585,15714,871,5,16395,15695,700,4,16488,15849,639,4,16281,15683,598,4,15535,14428,1107,7,15355,14814,541,4,70662,116
18075,IN,"Jay County, IN",9945,9451,494,5,9955,9510,445,5,9787,9445,342,4,9790,9470,320,3,9456,9176,280,3,8815,8231,584,7,8746,8512,234,3,42504,70
18077,IN,"Jefferson County, IN",15324,14586,738,5,15300,14597,703,5,15075,14521,554,4,15126,14616,510,3,15158,14654,504,3,14955,13834,1121,8,14891,14422,469,3,55588,91
18079,IN,"Jennings County, IN",13166,12494,672,5,13278,12656,622,5,13243,12744,499,4,13615,13127,488,4,13655,13216,439,3,13559,12508,1051,8,13342,12852,490,4,60526,100
18081,IN,"Johnson County, IN",77580,74437,3143,4,80340,77460,2880,4,80941,78569,2372,3,82772,80411,2361,3,84055,81817,2238,3,82993,78282,4711,6,84093,81932,2161,3,76868,126
18083,IN,"Knox County, IN",19024,18158,866,5,19084,18261,823,4,18627,17996,631,3,18875,18285,590,3,18577,18019,558,3,18271,17175,1096,6,18090,17576,514,3,44842,74
18085,IN,"Kosciusko County, IN",40659,39016,1643,4,41542,40008,1534,4,41574,40450,1124,3,42793,41681,1112,3,42670,41496,1174,3,41373,38796,2577,6,40499,39392,1107,3,62269,102
18087,IN,"LaGrange County, IN",18900,18213,687,4,19445,18784,661,3,19988,19483,505,3,20672,20161,511,3,20097,19544,553,3,19299,18047,1252,7,20421,20017,404,2,72513,119
18089,IN,"Lake County, IN",229650,214098,15552,7,232420,217907,14513,6,230066,218433,11633,5,232050,220711,11339,5,229282,218059,11223,5,226215,202695,23520,10,222818,209298,13520,6,59158,97
18091,IN,"LaPorte County, IN",48508,45486,3022,6,48689,45863,2826,6,47805,45695,2110,4,48130,46059,2071,4,47621,45604,2017,4,47361,42770,4591,10,46208,43873,2335,5,63999,105
18093,IN,"Lawrence County, IN",20273,18953,1320,7,20611,19455,1156,6,20815,19911,904,4,21151,20350,801,4,21191,20437,754,4,20682,19223,1459,7,20729,20007,722,4,63904,105
18095,IN,"Madison County, IN",58211,54928,3283,6,59021,56085,2936,5,58558,56248,2310,4,59050,56770,2280,4,59166,57004,2162,4,58444,53754,4690,8,58663,56257,2406,4,51718,85
18097,IN,"Marion County, IN",472230,448465,23765,5,481919,460661,21258,4,483473,466168,17305,4,489271,472325,16946,4,495927,479869,16058,3,492797,453225,39572,8,497073,474976,22097,4,56185,92
18099,IN,"Marshall County, IN",24006,23011,995,4,24351,23451,900,4,23678,22959,719,3,23394,22662,732,3,23375,22662,713,3,22685,21212,1473,7,22445,21850,595,3,57657,95
18101,IN,"Martin County, IN",5046,4835,211,4,5155,4947,208,4,5137,4985,152,3,5224,5082,142,3,5399,5259,140,3,5407,5173,234,4,5389,5252,137,3,46486,77
18103,IN,"Miami County, IN",15749,14934,815,5,16103,15351,752,5,15862,15246,616,4,15848,15221,627,4,15361,14764,597,4,15180,13928,1252,8,14721,14076,645,4,54439,90
18105,IN,"Monroe County, IN",67361,64069,3292,5,68053,64931,3122,5,68496,66031,2465,4,69640,67160,2480,4,70605,68277,2328,3,67917,64099,3818,6,69181,67166,2015,3,61808,102
18107,IN,"Montgomery County, IN",19265,18500,765,4,19178,18450,728,4,18991,18416,575,3,19129,18556,573,3,18912,18344,568,3,18609,17632,977,5,18414,17933,481,3,58867,97
18109,IN,"Morgan County, IN",35365,33710,1655,5,36074,34561,1513,4,35868,34617,1251,4,36324,35105,1219,3,36563,35452,1111,3,35482,33531,1951,6,36205,35153,1052,3,67004,110
18111,IN,"Newton County, IN",6960,6558,402,6,7043,6655,388,6,7073,6737,336,5,7062,6759,303,4,6919,6635,284,4,6557,6100,457,7,6526,6280,246,4,59246,98
18113,IN,"Noble County, IN",23649,22647,1002,4,23354,22419,935,4,23132,22425,707,3,23683,22997,686,3,23801,23075,726,3,22856,20926,1930,8,21988,21273,715,3,62173,102
18115,IN,"Ohio County, IN",3177,3003,174,6,3227,3072,155,5,3151,3038,113,4,3192,3082,110,3,3228,3117,111,3,3158,2923,235,7,3121,3042,79,3,63210,104
18117,IN,"Orange County, IN",8724,8206,518,6,8888,8443,445,5,8717,8374,343,4,8579,8249,330,4,8698,8404,294,3,8504,7552,952,11,8149,7804,345,4,52029,86
18119,IN,"Owen County, IN",9283,8701,582,6,9268,8759,509,6,9190,8794,396,4,9347,8945,402,4,9334,8965,369,4,9015,8436,579,6,9156,8830,326,4,53893,89
18121,IN,"Parke County, IN",7051,6655,396,6,7273,6899,374,5,7190,6905,285,4,7159,6875,284,4,7054,6789,265,4,6853,6474,379,6,6916,6715,201,3,54125,89
18123,IN,"Perry County, IN",9230,8798,432,5,9470,9044,426,5,9264,8913,351,4,9341,9000,341,4,9279,8976,303,3,9079,8480,599,7,8766,8495,271,3,44011,72
18125,IN,"Pike County, IN",6188,5920,268,4,6337,6065,272,4,6449,6236,213,3,6144,5932,212,4,6144,5944,200,3,6171,5808,363,6,5782,5586,196,3,58220,96
18127,IN,"Porter County, IN",84689,80174,4515,5,86357,81990,4367,5,85962,82509,3453,4,87469,84168,3301,4,86580,83354,3226,4,84310,77433,6877,8,83182,79974,3208,4,78732,130
18129,IN,"Posey County, IN",13299,12774,525,4,13465,12941,524,4,13535,13133,402,3,13734,13351,383,3,13516,13149,367,3,12774,12136,638,5,12821,12484,337,3,63801,105
18131,IN,"Pulaski County, IN",6273,5991,282,5,6386,6104,282,4,6380,6161,219,3,6515,6316,199,3,6566,6369,197,3,6401,6009,392,6,6276,6091,185,3,52609,87
18133,IN,"Putnam County, IN",16398,15566,832,5,16619,15880,739,4,16596,15998,598,4,16788,16160,628,4,16706,16136,570,3,16188,15155,1033,6,16353,15854,499,3,66613,110
18135,IN,"Randolph County, IN",12683,12059,624,5,12681,12118,563,4,11734,11250,484,4,11628,11180,448,4,11351,10935,416,4,11194,10452,742,7,11874,11524,350,3,67178,111
18137,IN,"Ripley County, IN",13631,12905,726,5,14078,13442,636,5,14067,13574,493,4,14122,13621,501,4,14384,13926,458,3,13919,13020,899,7,13534,13159,375,3,58849,97
18139,IN,"Rush County, IN",8837,8457,380,4,8987,8654,333,4,8932,8662,270,3,9050,8794,256,3,9052,8814,238,3,8766,8213,553,6,8755,8511,244,3,67318,111
18141,IN,"St. Joseph County, IN",130384,123868,6516,5,134247,128253,5994,5,134613,129844,4769,4,136657,131849,4808,4,138514,133631,4883,4,133500,122108,11392,9,130947,125454,5493,4,60070,99
18143,IN,"Scott County, IN",10266,9709,557,5,10486,9984,502,5,10466,10073,393,4,10635,10226,409,4,10622,10247,375,4,10463,9569,894,9,10362,9961,401,4,59286,98
18145,IN,"Shelby County, IN",22623,21623,1000,4,22980,22074,906,4,22886,22132,754,3,23124,22413,711,3,23246,22580,666,3,23019,21342,1677,7,23037,22337,700,3,59252,98
18147,IN,"Spencer County, IN",10973,10522,451,4,10988,10543,445,4,10919,10557,362,3,10993,10637,356,3,10890,10556,334,3,10337,9754,583,6,10418,10133,285,3,66667,110
18149,IN,"Starke County, IN",10546,9923,623,6,10869,10289,580,5,10453,9998,455,4,10420,9970,450,4,9939,9513,426,4,9746,8954,792,8,9555,9142,413,4,51996,86
18151,IN,"Steuben County, IN",19979,19203,776,4,20104,19379,725,4,19962,19386,576,3,20344,19808,536,3,20758,20210,548,3,19907,18649,1258,6,19886,19386,500,3,62273,102
18153,IN,"Sullivan County, IN",8655,8119,536,6,8707,8202,505,6,8578,8202,376,4,8605,8209,396,5,8209,7856,353,4,7965,7407,558,7,7836,7535,301,4,45227,74
18155,IN,"Switzerland County, IN",4853,4614,239,5,5000,4759,241,5,4998,4800,198,4,5077,4882,195,4,5043,4877,166,3,4805,4413,392,8,4666,4505,161,4,55618,92
18157,IN,"Tippecanoe County, IN",93108,89182,3926,4,94482,90699,3783,4,95596,92552,3044,3,98257,95164,3093,3,98284,95360,2924,3,91769,85742,6027,7,93208,90171,3037,3,52806,87
18159,IN,"Tipton County, IN",8380,8047,333,4,8537,8213,324,4,8545,8287,258,3,9248,8993,255,3,9363,9114,249,3,9028,8465,563,6,8960,8691,269,3,76368,126
18161,IN,"Union County, IN",3560,3402,158,4,3641,3496,145,4,3611,3500,111,3,3568,3457,111,3,3595,3480,115,3,3468,3274,194,6,3471,3389,82,2,59098,97
18163,IN,"Vanderburgh County, IN",92229,88320,3909,4,93328,89539,3789,4,93716,90702,3014,3,95151,92165,2986,3,94428,91550,2878,3,92161,85529,6632,7,91401,88095,3306,4,49482,81
18165,IN,"Vermillion County, IN",7224,6713,511,7,7276,6803,473,7,7145,6763,382,5,7165,6776,389,5,6863,6502,361,5,6598,6098,500,8,6480,6222,258,4,52433,86
18167,IN,"Vigo County, IN",48977,45990,2987,6,49419,46792,2627,5,48956,46914,2042,4,49172,47041,2131,4,46991,44941,2050,4,46209,42549,3660,8,45481,43523,1958,4,45897,76
18169,IN,"Wabash County, IN",15385,14653,732,5,15493,14842,651,4,15130,14608,522,4,15009,14498,511,3,15072,14611,461,3,14471,13578,893,6,14406,13986,420,3,55750,92
18171,IN,"Warren County, IN",4097,3895,202,5,4116,3919,197,5,4092,3955,137,3,4213,4079,134,3,4212,4088,124,3,3964,3745,219,6,3973,3870,103,3,68135,112
18173,IN,"Warrick County, IN",31751,30469,1282,4,32516,31221,1295,4,32666,31650,1016,3,33256,32290,966,3,33159,32206,953,3,31818,30074,1744,6,31859,31028,831,3,82453,136
18175,IN,"Washington County, IN",13501,12804,697,5,13696,13078,618,5,13631,13129,502,4,13846,13364,482,4,13843,13393,450,3,13558,12609,949,7,13510,13088,422,3,49494,81
18177,IN,"Wayne County, IN",30641,29022,1619,5,30980,29514,1466,5,30846,29701,1145,4,31298,30188,1110,4,31044,29957,1087,4,30125,28071,2054,7,29433,28379,1054,4,49798,82
18179,IN,"Wells County, IN",14035,13489,546,4,14183,13685,498,4,14118,13705,413,3,14416,14015,401,3,14488,14099,389,3,13871,13059,812,6,13851,13496,355,3,66597,110
18181,IN,"White County, IN",13609,13059,550,4,13658,13122,536,4,13349,12915,434,3,13701,13286,415,3,13615,13254,361,3,13168,12492,676,5,13117,12775,342,3,57787,95
18183,IN,"Whitley County, IN",17016,16322,694,4,17252,16591,661,4,17283,16781,502,3,17696,17194,502,3,17733,17211,522,3,17272,16233,1039,6,17253,16793,460,3,61841,102
19001,IA,"Adair County, IA",4224,4089,135,3,4255,4131,124,3,4176,4061,115,3,4195,4096,99,2,4347,4250,97,2,4239,4076,163,4,4307,4174,133,3,55265,89
19003,IA,"Adams County, IA",2289,2226,63,3,2227,2169,58,3,2154,2104,50,2,2148,2107,41,2,2221,2184,37,2,2057,1981,76,4,2027,1966,61,3,56291,90
19005,IA,"Allamakee County, IA",7697,7325,372,5,7708,7329,379,5,7586,7288,298,4,7480,7251,229,3,7520,7269,251,3,7098,6746,352,5,7039,6718,321,5,55320,89
19007,IA,"Appanoose County, IA",6220,5919,301,5,6190,5900,290,5,6092,5865,227,4,5972,5774,198,3,6075,5869,206,3,5934,5625,309,5,5961,5706,255,4,49737,80
19009,IA,"Audubon County, IA",3237,3110,127,4,3293,3185,108,3,3187,3090,97,3,3135,3058,77,3,3177,3102,75,2,3026,2924,102,3,3034,2938,96,3,56338,90
19011,IA,"Benton County, IA",13769,13239,530,4,13666,13179,487,4,13483,13049,434,3,13530,13163,367,3,13802,13415,387,3,12916,12274,642,5,12847,12274,573,5,72308,116
19013,IA,"Black Hawk County, IA",70483,67292,3191,5,69624,66425,3199,5,69065,66516,2549,4,69528,67585,1943,3,70771,68621,2150,3,67814,63732,4082,6,67282,64194,3088,5,56091,90
19015,IA,"Boone County, IA",15313,14855,458,3,15193,14772,421,3,14978,14618,360,2,15058,14737,321,2,15235,14892,343,2,14580,14002,578,4,14563,14056,507,4,70656,113
19017,IA,"Bremer County, IA",13969,13483,486,4,13979,13483,496,4,13913,13530,383,3,14008,13723,285,2,14395,14082,313,2,13783,13259,524,4,13793,13351,442,3,74596,120
19019,IA,"Buchanan County, IA",11313,10836,477,4,11259,10799,460,4,11205,10853,352,3,11382,11091,291,3,11617,11315,302,3,11208,10708,500,5,11178,10764,414,4,66852,107
19021,IA,"Buena Vista County, IA",11582,11163,419,4,11571,11167,404,4,11659,11361,298,3,11709,11465,244,2,11945,11707,238,2,11740,11319,421,4,11628,11260,368,3,61189,98
19023,IA,"Butler County, IA",8279,7920,359,4,8070,7722,348,4,7933,7653,280,4,7930,7713,217,3,8055,7811,244,3,7740,7389,351,5,7883,7587,296,4,54822,88
19025,IA,"Calhoun County, IA",4455,4265,190,4,4545,4375,170,4,4334,4204,130,3,4346,4237,109,3,4337,4232,105,2,4102,3938,164,4,4061,3901,160,4,62000,99
19027,IA,"Carroll County, IA",11304,11011,293,3,11337,11049,288,3,11138,10887,251,2,10977,10773,204,2,11162,10957,205,2,10611,10201,410,4,10559,10232,327,3,61701,99
19029,IA,"Cass County, IA",7457,7189,268,4,7301,7065,236,3,7196,6942,254,4,7206,7015,191,3,7053,6864,189,3,6802,6543,259,4,6768,6520,248,4,55301,89
19031,IA,"Cedar County, IA",10985,10612,373,3,10914,10554,360,3,10897,10587,310,3,10940,10675,265,2,11049,10789,260,2,10468,10022,446,4,10351,9962,389,4,68592,110
19033,IA,"Cerro Gordo County, IA",23007,22107,900,4,23235,22408,827,4,23450,22744,706,3,23627,23012,615,3,24055,23430,625,3,23259,22076,1183,5,22505,21534,971,4,57659,93
19035,IA,"Cherokee County, IA",6340,6015,325,5,6353,6124,229,4,6105,5954,151,3,6070,5940,130,2,6275,6126,149,2,6235,6004,231,4,6119,5912,207,3,61360,98
19037,IA,"Chickasaw County, IA",6455,6167,288,5,6458,6175,283,4,6432,6230,202,3,6509,6335,174,3,6612,6432,180,3,6326,6038,288,5,6373,6146,227,4,63869,102
19039,IA,"Clarke County, IA",4768,4575,193,4,4855,4693,162,3,4831,4683,148,3,4885,4747,138,3,4984,4847,137,3,4804,4552,252,5,4833,4624,209,4,69923,112
19041,IA,"Clay County, IA",8850,8533,317,4,8764,8429,335,4,8645,8328,317,4,8649,8372,277,3,8667,8440,227,3,8438,8068,370,4,8479,8170,309,4,59940,96
19043,IA,"Clayton County, IA",10290,9868,422,4,10354,9918,436,4,10276,9877,399,4,10288,9963,325,3,10349,9991,358,4,9739,9197,542,6,9632,9139,493,5,56256,90
19045,IA,"Clinton County, IA",24428,23219,1209,5,23936,22765,1171,5,23396,22462,934,4,22991,22256,735,3,23270,22448,822,4,22182,20724,1458,7,21967,20798,1169,5,56017,90
19047,IA,"Crawford County, IA",8749,8386,363,4,8479,8020,459,5,8332,7996,336,4,8282,8001,281,3,8293,8014,279,3,7992,7580,412,5,7867,7460,407,5,56707,91
19049,IA,"Dallas County, IA",43682,42443,1239,3,46059,44856,1203,3,47374,46381,993,2,49367,48520,847,2,52144,51183,961,2,51107,49331,1776,4,51851,50351,1500,3,92025,148
19051,IA,"Davis County, IA",4176,3992,184,4,4311,4130,181,4,4305,4164,141,3,4271,4157,114,3,4304,4188,116,3,4150,3987,163,4,4168,4029,139,3,57225,92
19053,IA,"Decatur County, IA",4429,4285,144,3,4428,4287,141,3,4320,4207,113,3,4395,4296,99,2,4457,4363,94,2,4231,4073,158,4,4271,4128,143,3,46373,74
19055,IA,"Delaware County, IA",10684,10327,357,3,10782,10412,370,3,10603,10326,277,3,10585,10367,218,2,10806,10566,240,2,10470,10065,405,4,10412,10067,345,3,66364,106
19057,IA,"Des Moines County, IA",20514,19555,959,5,20141,19155,986,5,19832,19008,824,4,19714,19071,643,3,19722,18985,737,4,18726,17364,1362,7,18427,17262,1165,6,55153,88
19059,IA,"Dickinson County, IA",10209,9816,393,4,10354,9912,442,4,10198,9831,367,4,9983,9667,316,3,10266,9984,282,3,9853,9364,489,5,10128,9728,400,4,67477,108
19061,IA,"Dubuque County, IA",55719,53699,2020,4,54968,53029,1939,4,55053,53438,1615,3,56129,54774,1355,2,57275,55840,1435,3,55483,52324,3159,6,54963,52531,2432,4,65986,106
19063,IA,"Emmet County, IA",5664,5455,209,4,5624,5387,237,4,5456,5285,171,3,5374,5227,147,3,5363,5232,131,2,5075,4830,245,5,4928,4727,201,4,57652,92
19065,IA,"Fayette County, IA",10812,10327,485,5,10767,10293,474,4,10586,10207,379,4,10665,10349,316,3,10805,10439,366,3,10323,9771,552,5,10172,9694,478,5,53254,85
19067,IA,"Floyd County, IA",8700,8375,325,4,8735,8420,315,4,8860,8580,280,3,8951,8711,240,3,9001,8699,302,3,8299,7810,489,6,8197,7843,354,4,60790,98
19069,IA,"Franklin County, IA",5958,5760,198,3,5975,5770,205,3,5839,5682,157,3,5864,5740,124,2,5819,5689,130,2,5630,5421,209,4,5617,5407,210,4,59596,96
19071,IA,"Fremont County, IA",4149,4013,136,3,4009,3878,131,3,3848,3749,99,3,3771,3701,70,2,3786,3688,98,3,3724,3612,112,3,3720,3613,107,3,62234,100
19073,IA,"Greene County, IA",5570,5376,194,4,5697,5520,177,3,5480,5332,148,3,5469,5345,124,2,5526,5400,126,2,5350,5128,222,4,5336,5152,184,3,54857,88
19075,IA,"Grundy County, IA",6732,6479,253,4,6669,6441,228,3,6598,6409,189,3,6600,6436,164,3,6685,6511,174,3,6338,6068,270,4,6337,6106,231,4,71837,115
19077,IA,"Guthrie County, IA",5622,5412,210,4,5654,5452,202,4,5612,5435,177,3,5619,5473,146,3,5690,5527,163,3,5432,5167,265,5,5491,5258,233,4,65344,105
19079,IA,"Hamilton County, IA",7228,6924,304,4,7178,6910,268,4,7130,6903,227,3,7046,6857,189,3,7043,6854,189,3,6828,6534,294,4,6826,6538,288,4,61650,99
19081,IA,"Hancock County, IA",6367,6196,171,3,6424,6252,172,3,6191,6033,158,3,6058,5918,140,2,6018,5881,137,2,5796,5533,263,5,5718,5500,218,4,58053,93
19083,IA,"Hardin County, IA",8815,8470,345,4,8617,8285,332,4,8521,8253,268,3,8363,8125,238,3,8273,8023,250,3,7835,7481,354,5,7790,7466,324,4,58502,94
19085,IA,"Harrison County, IA",7538,7285,253,3,7489,7238,251,3,7374,7175,199,3,7361,7197,164,2,7434,7259,175,2,7026,6745,281,4,7029,6755,274,4,63118,101
19087,IA,"Henry County, IA",9597,9225,372,4,9612,9273,339,4,9764,9478,286,3,9857,9615,242,3,10004,9753,251,3,9530,9036,494,5,9502,9104,398,4,56260,90
19089,IA,"Howard County, IA",5376,5185,191,4,5357,5166,191,4,5146,4993,153,3,5261,5128,133,3,5270,5129,141,3,5137,4914,223,4,5126,4930,196,4,60034,96
19091,IA,"Humboldt County, IA",5343,5167,176,3,5415,5260,155,3,5311,5152,159,3,5266,5134,132,3,5225,5093,132,3,4974,4769,205,4,4946,4775,171,4,62071,100
19093,IA,"Ida County, IA",3961,3839,122,3,4046,3944,102,3,4063,3970,93,2,4151,4070,81,2,4211,4132,79,2,4008,3868,140,4,3978,3852,126,3,56096,90
19095,IA,"Iowa County, IA",10383,10022,361,4,10613,10286,327,3,10534,10263,271,3,10578,10360,218,2,10745,10519,226,2,10137,9701,436,4,9966,9590,376,4,67820,109
19097,IA,"Jackson County, IA",11165,10700,465,4,11119,10658,461,4,10987,10621,366,3,11103,10796,307,3,11226,10890,336,3,10670,10035,635,6,10589,10059,530,5,61538,99
19099,IA,"Jasper County, IA",19105,18371,734,4,19345,18665,680,4,19476,18877,599,3,19633,19116,517,3,20171,19607,564,3,19327,18323,1004,5,19128,18299,829,4,63458,102
19101,IA,"Jefferson County, IA",9151,8803,348,4,9233,8897,336,4,9233,8953,280,3,9864,9643,221,2,10249,10011,238,2,9868,9337,531,5,9849,9435,414,4,52830,85
19103,IA,"Johnson County, IA",83898,81684,2214,3,84759,82580,2179,3,86226,84122,2104,2,86935,85260,1675,2,88580,86888,1692,2,85204,81202,4002,5,84310,81160,3150,4,68790,110
19105,IA,"Jones County, IA",10781,10335,446,4,10743,10287,456,4,10619,10237,382,4,10726,10407,319,3,10890,10561,329,3,10303,9730,573,6,10185,9728,457,5,61736,99
19107,IA,"Keokuk County, IA",5424,5195,229,4,5349,5121,228,4,5243,5059,184,4,5223,5073,150,3,5349,5184,165,3,5183,4933,250,5,5181,4953,228,4,54790,88
19109,IA,"Kossuth County, IA",8835,8585,250,3,8941,8709,232,3,8828,8622,206,2,8631,8457,174,2,8608,8427,181,2,8167,7865,302,4,8089,7824,265,3,65006,104
19111,IA,"Lee County, IA",18265,17293,972,5,17549,16499,1050,6,16361,15486,875,5,16182,15535,647,4,16412,15801,611,4,15759,14748,1011,6,15340,14431,909,6,58619,94
19113,IA,"Linn County, IA",120196,115687,4509,4,119414,115074,4340,4,119930,115983,3947,3,122004,118622,3382,3,125168,121717,3451,3,120317,112852,7465,6,118805,112825,5980,5,69559,112
19115,IA,"Louisa County, IA",6025,5799,226,4,6134,5896,238,4,6129,5932,197,3,6141,5980,161,3,6167,5988,179,3,5985,5697,288,5,5903,5650,253,4,72404,116
19117,IA,"Lucas County, IA",4402,4248,154,4,4404,4266,138,3,4407,4285,122,3,4558,4468,90,2,4742,4650,92,2,4645,4479,166,4,4606,4463,143,3,48662,78
19119,IA,"Lyon County, IA",7064,6924,140,2,7125,6981,144,2,7063,6941,122,2,7086,6978,108,2,7205,7092,113,2,6889,6720,169,3,6941,6782,159,2,67280,108
19121,IA,"Madison County, IA",8235,7916,319,4,8294,8002,292,4,8376,8079,297,4,8545,8274,271,3,8762,8457,305,4,8419,7949,470,6,8486,8105,381,5,75563,121
19123,IA,"Mahaska County, IA",11836,11372,464,4,11859,11424,435,4,11731,11361,370,3,11869,11576,293,3,12121,11831,290,2,11930,11375,555,5,11953,11512,441,4,59704,96
19125,IA,"Marion County, IA",17435,16870,565,3,17538,17014,524,3,17533,17080,453,3,18135,17764,371,2,18725,18346,379,2,18077,17337,740,4,18549,17970,579,3,64327,103
19127,IA,"Marshall County, IA",19435,18459,976,5,19234,18300,934,5,18390,17560,830,5,18285,17474,811,4,18274,17491,783,4,17659,16435,1224,7,17329,16207,1122,7,64341,103
19129,IA,"Mills County, IA",7425,7125,300,4,7445,7176,269,4,7382,7182,200,3,7374,7220,154,2,7525,7358,167,2,7013,6738,275,4,6992,6749,243,4,76010,122
19131,IA,"Mitchell County, IA",5596,5440,156,3,5911,5757,154,3,5828,5706,122,2,6005,5898,107,2,6888,6775,113,2,6098,5896,202,3,5812,5636,176,3,67127,108
19133,IA,"Monona County, IA",4762,4555,207,4,4750,4558,192,4,4558,4395,163,4,4517,4393,124,3,4531,4404,127,3,4401,4197,204,5,4416,4222,194,4,58079,93
19135,IA,"Monroe County, IA",4038,3860,178,4,3978,3796,182,5,3930,3783,147,4,3956,3840,116,3,4100,3982,118,3,3975,3774,201,5,3946,3784,162,4,58297,94
19137,IA,"Montgomery County, IA",5171,4989,182,4,5139,4959,180,4,5000,4845,155,3,4998,4877,121,2,5091,4963,128,3,4890,4667,223,5,4880,4679,201,4,54767,88
19139,IA,"Muscatine County, IA",22214,21364,850,4,22548,21697,851,4,22079,21367,712,3,22082,21497,585,3,22273,21667,606,3,21452,20215,1237,6,20871,19890,981,5,62877,101
19141,IA,"O'Brien County, IA",8432,8196,236,3,8405,8174,231,3,8103,7911,192,2,8228,8065,163,2,8415,8243,172,2,8152,7884,268,3,8082,7837,245,3,63559,102
19143,IA,"Osceola County, IA",3545,3445,100,3,3662,3566,96,3,3626,3552,74,2,3570,3502,68,2,3598,3532,66,2,3528,3428,100,3,3530,3445,85,2,63695,102
19145,IA,"Page County, IA",6570,6301,269,4,6498,6176,322,5,6409,6164,245,4,6486,6324,162,3,6507,6350,157,2,6239,5935,304,5,6279,6022,257,4,52739,85
19147,IA,"Palo Alto County, IA",4865,4716,149,3,4992,4839,153,3,4941,4811,130,3,4933,4825,108,2,4895,4792,103,2,4582,4377,205,5,4486,4336,150,3,63164,101
19149,IA,"Plymouth County, IA",14793,14380,413,3,15087,14705,382,3,14817,14469,348,2,14878,14595,283,2,15141,14819,322,2,14431,13923,508,4,14441,14005,436,3,72261,116
19151,IA,"Pocahontas County, IA",4311,4181,130,3,4340,4217,123,3,4214,4114,100,2,4409,4329,80,2,4589,4506,83,2,4242,4097,145,3,4228,4099,129,3,56360,90
19153,IA,"Polk County, IA",255669,246352,9317,4,258689,249790,8899,3,262617,254702,7915,3,267870,261016,6854,3,274940,267525,7415,3,266206,250540,15666,6,267873,255823,12050,5,67821,109
19155,IA,"Pottawattamie County, IA",49001,47227,1774,4,48517,46887,1630,3,48011,46692,1319,3,48357,47222,1135,2,49077,47929,1148,2,47408,44961,2447,5,47038,45036,2002,4,61607,99
19157,IA,"Poweshiek County, IA",10510,10134,376,4,10478,10122,356,3,10517,10194,323,3,10613,10364,249,2,10566,10301,265,3,9832,9360,472,5,10031,9586,445,4,60023,96
19159,IA,"Ringgold County, IA",2567,2482,85,3,2621,2530,91,4,2575,2497,78,3,2562,2491,71,3,2508,2439,69,3,2388,2298,90,4,2383,2303,80,3,53466,86
19161,IA,"Sac County, IA",5642,5456,186,3,5523,5359,164,3,5393,5243,150,3,5370,5244,126,2,5406,5285,121,2,5206,5026,180,4,5209,5036,173,3,54107,87
19163,IA,"Scott County, IA",87907,83842,4065,5,87175,83275,3900,5,87229,84102,3127,4,88802,86193,2609,3,91161,88287,2874,3,87409,81621,5788,7,87116,82382,4734,5,67038,108
19165,IA,"Shelby County, IA",7020,6821,199,3,6859,6659,200,3,6744,6586,158,2,6747,6613,134,2,6802,6665,137,2,6390,6165,225,4,6327,6124,203,3,54234,87
19167,IA,"Sioux County, IA",20763,20258,505,2,20796,20323,473,2,20552,20146,406,2,20788,20418,370,2,21517,21134,383,2,21310,20761,549,3,21797,21276,521,2,74868,120
19169,IA,"Story County, IA",57440,56019,1421,3,57270,55939,1331,2,57909,56779,1130,2,58714,57780,934,2,59442,58409,1033,2,57091,55080,2011,4,57384,55683,1701,3,61341,98
19171,IA,"Tama County, IA",9668,9251,417,4,9818,9411,407,4,9677,9347,330,3,9621,9336,285,3,9692,9407,285,3,9295,8828,467,5,9146,8719,427,5,58329,94
19173,IA,"Taylor County, IA",3240,3138,102,3,3247,3152,95,3,3267,3196,71,2,3282,3218,64,2,3250,3192,58,2,3094,2984,110,4,3100,3003,97,3,70519,113
19175,IA,"Union County, IA",6576,6304,272,4,6549,6302,247,4,6491,6292,199,3,6462,6233,229,4,6413,6217,196,3,6204,5850,354,6,6088,5817,271,5,48862,78
19177,IA,"Van Buren County, IA",3841,3687,154,4,3880,3739,141,4,3757,3644,113,3,3766,3666,100,3,3740,3644,96,3,3694,3529,165,5,3626,3489,137,4,51908,83
19179,IA,"Wapello County, IA",18008,17090,918,5,17981,16949,1032,6,17800,17007,793,5,17924,17312,612,3,18098,17469,629,4,17461,16440,1021,6,16957,16117,840,5,49060,79
19181,IA,"Warren County, IA",26711,25805,906,3,27252,26388,864,3,27454,26710,744,3,28189,27545,644,2,28982,28284,698,2,27926,26685,1241,4,28292,27235,1057,4,82206,132
19183,IA,"Washington County, IA",12392,12009,383,3,12421,12060,361,3,12348,11992,356,3,12142,11855,287,2,12240,11952,288,2,11484,11023,461,4,11446,11016,430,4,65061,104
19185,IA,"Wayne County, IA",2850,2739,111,4,2856,2749,107,4,2803,2718,85,3,2808,2731,77,3,2875,2803,72,3,2808,2686,122,4,2817,2714,103,4,52016,83
19187,IA,"Webster County, IA",20353,19483,870,4,20538,19725,813,4,19551,18833,718,4,19433,18802,631,3,19813,19228,585,3,18779,17815,964,5,18473,17617,856,5,58355,94
19189,IA,"Winnebago County, IA",5170,4967,203,4,5226,5046,180,3,5211,5049,162,3,5071,4941,130,3,5220,5083,137,3,5077,4761,316,6,4949,4741,208,4,52706,85
19191,IA,"Winneshiek County, IA",12229,11785,444,4,12125,11702,423,4,11957,11596,361,3,11957,11639,318,3,12155,11824,331,3,11200,10666,534,5,11385,10913,472,4,61813,99
19193,IA,"Woodbury County, IA",56200,54099,2101,4,56044,54065,1979,4,54932,53219,1713,3,55799,54403,1396,3,57005,55538,1467,3,54904,52079,2825,5,54789,52431,2358,4,60553,97
19195,IA,"Worth County, IA",4228,4061,167,4,4292,4146,146,3,4244,4118,126,3,4227,4112,115,3,4276,4162,114,3,4115,3899,216,5,4016,3846,170,4,54474,87
19197,IA,"Wright County, IA",6908,6641,267,4,6726,6452,274,4,6591,6368,223,3,6554,6385,169,3,7107,6934,173,2,7019,6747,272,4,6679,6402,277,4,57133,92
20001,KS,"Allen County, KS",6623,6284,339,5,6467,6108,359,6,6322,6017,305,5,6367,6119,248,4,6486,6260,226,4,6394,6061,333,5,6524,6326,198,3,48616,77
20003,KS,"Anderson County, KS",4144,3945,199,5,4193,4014,179,4,4178,4015,163,4,4141,4001,140,3,4206,4070,136,3,4283,4114,169,4,4655,4540,115,3,53936,85
20005,KS,"Atchison County, KS",7490,7031,459,6,7078,6639,439,6,7074,6708,366,5,7044,6728,316,5,7035,6676,359,5,6851,6400,451,7,6742,6485,257,4,56691,90
20007,KS,"Barber County, KS",2669,2556,113,4,2538,2445,93,4,2463,2394,69,3,2394,2335,59,3,2330,2273,57,2,2312,2240,72,3,2301,2257,44,2,52749,83
20009,KS,"Barton County, KS",14629,14013,616,4,14087,13457,630,5,14132,13624,508,4,13602,13173,429,3,13707,13288,419,3,13638,13032,606,4,13371,12983,388,3,51149,81
20011,KS,"Bourbon County, KS",7138,6796,342,5,7160,6813,347,5,7060,6750,310,4,7126,6835,291,4,6740,6458,282,4,6690,6319,371,6,6513,6272,241,4,49821,79
20013,KS,"Brown County, KS",5370,5156,214,4,5189,5001,188,4,5360,5189,171,3,5397,5237,160,3,5384,5217,167,3,5138,4917,221,4,5143,5006,137,3,49483,78
20015,KS,"Butler County, KS",32119,30752,1367,4,32340,30994,1346,4,31875,30680,1195,4,32131,31054,1077,3,32755,31713,1042,3,32383,30314,2069,6,32456,31315,1141,4,71827,114
20017,KS,"Chase County, KS",1255,1210,45,4,1413,1364,49,4,1435,1398,37,3,1474,1436,38,3,1544,1502,42,3,1452,1375,77,5,1385,1352,33,2,57338,91
20019,KS,"Chautauqua County, KS",1556,1467,89,6,1547,1467,80,5,1453,1385,68,5,1422,1367,55,4,1442,1388,54,4,1479,1391,88,6,1458,1399,59,4,43155,68
20021,KS,"Cherokee County, KS",10441,9978,463,4,10336,9879,457,4,10169,9774,395,4,10087,9720,367,4,10188,9842,346,3,9974,9469,505,5,9907,9617,290,3,48336,77
20023,KS,"Cheyenne County, KS",1361,1324,37,3,1351,1313,38,3,1321,1287,34,3,1317,1287,30,2,1313,1282,31,2,1302,1274,28,2,1299,1276,23,2,50623,80
20025,KS,"Clark County, KS",1162,1134,28,2,1121,1090,31,3,1091,1064,27,3,1068,1043,25,2,1074,1049,25,2,1135,1113,22,2,1139,1118,21,2,58365,92
20027,KS,"Clay County, KS",4128,3951,177,4,4053,3888,165,4,3834,3692,142,4,3805,3686,119,3,3800,3681,119,3,3808,3644,164,4,3795,3698,97,3,53119,84
20029,KS,"Cloud County, KS",4323,4159,164,4,4275,4100,175,4,3907,3740,167,4,3805,3677,128,3,3808,3686,122,3,3841,3690,151,4,3902,3794,108,3,55001,87
20031,KS,"Coffey County, KS",4753,4482,271,6,4303,4037,266,6,4136,3920,216,5,4107,3919,188,5,4020,3842,178,4,3934,3737,197,5,3960,3832,128,3,59142,94
20033,KS,"Comanche County, KS",994,961,33,3,975,945,30,3,911,885,26,3,889,868,21,2,872,850,22,3,865,837,28,3,891,872,19,2,49314,78
20035,KS,"Cowley County, KS",17088,16307,781,5,16985,16236,749,4,17041,16397,644,4,16885,16323,562,3,16410,15868,542,3,16774,15711,1063,6,16678,16106,572,3,51398,81
20037,KS,"Crawford County, KS",18978,18012,966,5,19001,18087,914,5,19203,18402,801,4,18863,18128,735,4,18912,18190,722,4,18931,17920,1011,5,18935,18334,601,3,46714,74
20039,KS,"Decatur County, KS",1354,1305,49,4,1298,1247,51,4,1287,1247,40,3,1259,1223,36,3,1243,1206,37,3,1224,1182,42,3,1205,1174,31,3,48189,76
20041,KS,"Dickinson County, KS",9545,9052,493,5,9209,8803,406,4,9311,8958,353,4,9153,8841,312,3,8915,8605,310,4,8867,8455,412,5,9097,8828,269,3,56755,90
20043,KS,"Doniphan County, KS",4330,4143,187,4,4294,4128,166,4,4217,4071,146,4,4172,4027,145,4,4163,4026,137,3,4136,3951,185,5,4124,4011,113,3,57012,90
20045,KS,"Douglas County, KS",64936,62542,2394,4,65567,63255,2312,4,65614,63527,2087,3,65570,63604,1966,3,65782,63872,1910,3,63957,60252,3705,6,64611,62581,2030,3,65149,103
20047,KS,"Edwards County, KS",1754,1701,53,3,1662,1612,50,3,1521,1474,47,3,1501,1466,35,2,1471,1434,37,3,1460,1418,42,3,1464,1433,31,2,51756,82
20049,KS,"Elk County, KS",1283,1222,61,5,1194,1135,59,5,1193,1143,50,4,1174,1136,38,3,1160,1117,43,4,1167,1112,55,5,1158,1125,33,3,45974,73
20051,KS,"Ellis County, KS",17569,17044,525,3,17090,16564,526,3,17063,16637,426,3,17002,16609,393,2,17121,16737,384,2,17036,16477,559,3,17158,16826,332,2,55505,88
20053,KS,"Ellsworth County, KS",2946,2838,108,4,2846,2737,109,4,2727,2644,83,3,2700,2627,73,3,2756,2680,76,3,2704,2623,81,3,2701,2641,60,2,53443,85
20055,KS,"Finney County, KS",20184,19473,711,4,20245,19620,625,3,20199,19648,551,3,20593,20095,498,2,20693,20218,475,2,20555,19894,661,3,20305,19877,428,2,65023,103
20057,KS,"Ford County, KS",18110,17495,615,3,17966,17399,567,3,17901,17397,504,3,17348,16920,428,3,17200,16778,422,3,17256,16706,550,3,17686,17309,377,2,54442,86
20059,KS,"Franklin County, KS",14139,13493,646,5,14291,13693,598,4,14243,13713,530,4,14096,13603,493,4,14118,13659,459,3,14217,13477,740,5,14521,14069,452,3,60899,96
20061,KS,"Geary County, KS",12142,11391,751,6,12112,11431,681,6,11548,10980,568,5,11473,10945,528,5,11361,10877,484,4,11632,10841,791,7,11402,10916,486,4,50102,79
20063,KS,"Gove County, KS",1490,1453,37,3,1458,1423,35,2,1431,1398,33,2,1425,1395,30,2,1485,1454,31,2,1460,1423,37,3,1465,1437,28,2,57676,91
20065,KS,"Graham County, KS",1276,1225,51,4,1230,1176,54,4,1119,1079,40,4,1146,1111,35,3,1119,1085,34,3,1134,1085,49,4,1132,1099,33,3,47104,75
20067,KS,"Grant County, KS",3913,3773,140,4,3792,3656,136,4,3485,3374,111,3,3358,3267,91,3,3221,3131,90,3,3097,2976,121,4,2963,2873,90,3,67764,107
20069,KS,"Gray County, KS",3610,3527,83,2,3426,3348,78,2,3423,3355,68,2,3426,3359,67,2,3251,3187,64,2,3235,3167,68,2,3229,3174,55,2,72095,114
20071,KS,"Greeley County, KS",937,917,20,2,916,897,19,2,874,858,16,2,861,844,17,2,816,798,18,2,818,805,13,2,822,812,10,1,66089,105
20073,KS,"Greenwood County, KS",3298,3147,151,5,3337,3175,162,5,3231,3096,135,4,3250,3138,112,3,3246,3145,101,3,3103,2945,158,5,3011,2926,85,3,50399,80
20075,KS,"Hamilton County, KS",1657,1624,33,2,1650,1606,44,3,1639,1600,39,2,1631,1600,31,2,1602,1573,29,2,1615,1590,25,2,1620,1598,22,1,61342,97
20077,KS,"Harper County, KS",2863,2752,111,4,2894,2791,103,4,2657,2559,98,4,2750,2674,76,3,2872,2800,72,3,2782,2664,118,4,2774,2701,73,3,48275,76
20079,KS,"Harvey County, KS",17254,16582,672,4,17283,16554,729,4,16927,16238,689,4,16834,16304,530,3,17202,16709,493,3,16768,15902,866,5,16918,16421,497,3,63861,101
20081,KS,"Haskell County, KS",2365,2306,59,3,2315,2255,60,3,2240,2190,50,2,2205,2159,46,2,2230,2180,50,2,2240,2191,49,2,2223,2183,40,2,66053,105
20083,KS,"Hodgeman County, KS",1030,998,32,3,1034,1007,27,3,992,967,25,3,989,965,24,2,994,970,24,2,1015,990,25,3,1036,1017,19,2,60414,96
20085,KS,"Jackson County, KS",7259,6990,269,4,7293,7041,252,4,7255,7029,226,3,7228,7015,213,3,7168,6963,205,3,7234,6857,377,5,7236,7048,188,3,57871,92
20087,KS,"Jefferson County, KS",10214,9787,427,4,10262,9864,398,4,10238,9877,361,4,10193,9872,321,3,10220,9912,308,3,10234,9755,479,5,10332,10025,307,3,63712,101
20089,KS,"Jewell County, KS",1378,1318,60,4,1336,1279,57,4,1308,1263,45,3,1291,1257,34,3,1307,1271,36,3,1249,1213,36,3,1235,1208,27,2,46688,74
20091,KS,"Johnson County, KS",325565,314557,11008,3,329826,319111,10715,3,335466,325342,10124,3,337941,328372,9569,3,341751,332426,9325,3,341523,324768,16755,5,343991,334751,9240,3,91799,145
20093,KS,"Kearny County, KS",2154,2086,68,3,2067,2002,65,3,2071,2020,51,3,2093,2046,47,2,2045,1998,47,2,2025,1975,50,3,2048,2015,33,2,66713,106
20095,KS,"Kingman County, KS",3659,3500,159,4,3544,3388,156,4,3407,3282,125,4,3413,3306,107,3,3383,3276,107,3,3249,3082,167,5,3272,3172,100,3,58678,93
20097,KS,"Kiowa County, KS",1452,1409,43,3,1426,1387,39,3,1351,1317,34,3,1307,1277,30,2,1292,1263,29,2,1245,1207,38,3,1220,1194,26,2,56664,90
20099,KS,"Labette County, KS",10782,10164,618,6,10782,10202,580,5,10387,9920,467,5,10251,9854,397,4,10087,9692,395,4,9648,9122,526,6,9413,9093,320,3,50222,79
20101,KS,"Lane County, KS",880,851,29,3,814,789,25,3,789,763,26,3,794,772,22,3,776,756,20,3,755,734,21,3,747,732,15,2,60530,96
20103,KS,"Leavenworth County, KS",35366,33776,1590,5,35945,34402,1543,4,36453,35033,1420,4,36401,35102,1299,4,36678,35433,1245,3,36629,34565,2064,6,36842,35624,1218,3,76429,121
20105,KS,"Lincoln County, KS",1802,1740,62,3,1746,1686,60,3,1692,1644,48,3,1708,1667,41,2,1676,1638,38,2,1734,1686,48,3,1689,1652,37,2,50231,80
20107,KS,"Linn County, KS",4340,4062,278,6,4362,4083,279,6,4427,4168,259,6,4431,4175,256,6,4425,4162,263,6,4329,4028,301,7,4331,4145,186,4,55006,87
20109,KS,"Logan County, KS",1760,1717,43,2,1731,1687,44,3,1681,1645,36,2,1692,1657,35,2,1629,1596,33,2,1608,1571,37,2,1632,1606,26,2,56833,90
20111,KS,"Lyon County, KS",16682,15966,716,4,16897,16206,691,4,16864,16228,636,4,16662,16088,574,3,16797,16235,562,3,16610,15861,749,5,16921,16440,481,3,56290,89
20113,KS,"McPherson County, KS",17228,16714,514,3,16413,15897,516,3,16380,15930,450,3,16582,16172,410,3,17289,16909,380,2,17161,16596,565,3,17164,16802,362,2,68904,109
20115,KS,"Marion County, KS",6178,5945,233,4,6148,5907,241,4,6290,6063,227,4,6056,5872,184,3,6057,5881,176,3,5950,5717,233,4,6005,5860,145,2,53709,85
20117,KS,"Marshall County, KS",5751,5583,168,3,5588,5419,169,3,5505,5352,153,3,5504,5364,140,3,5523,5368,155,3,5482,5321,161,3,5436,5331,105,2,56429,89
20119,KS,"Meade County, KS",2425,2353,72,3,2388,2324,64,3,2287,2231,56,2,2287,2241,46,2,2160,2111,49,2,2148,2091,57,3,2187,2139,48,2,52590,83
20121,KS,"Miami County, KS",16802,16075,727,4,17098,16389,709,4,17402,16755,647,4,17460,16844,616,4,17772,17193,579,3,17570,16720,850,5,17750,17231,519,3,78717,125
20123,KS,"Mitchell County, KS",3785,3660,125,3,3712,3590,122,3,3459,3365,94,3,3464,3389,75,2,3383,3305,78,2,3426,3339,87,3,3434,3367,67,2,53745,85
20125,KS,"Montgomery County, KS",16619,15548,1071,6,16070,15088,982,6,15045,14260,785,5,14826,14205,621,4,14884,14285,599,4,14859,13800,1059,7,14715,14140,575,4,44071,70
20127,KS,"Morris County, KS",3112,2979,133,4,3065,2947,118,4,3007,2913,94,3,3014,2934,80,3,3004,2923,81,3,3077,2960,117,4,3053,2981,72,2,53793,85
20129,KS,"Morton County, KS",1439,1379,60,4,1350,1298,52,4,1203,1158,45,4,1174,1137,37,3,1140,1107,33,3,1129,1096,33,3,1135,1106,29,3,56878,90
20131,KS,"Nemaha County, KS",5955,5803,152,3,5923,5765,158,3,5597,5463,134,2,5498,5374,124,2,5393,5247,146,3,5580,5428,152,3,5553,5455,98,2,62744,99
20133,KS,"Neosho County, KS",6285,5818,467,7,6083,5648,435,7,6071,5753,318,5,6017,5732,285,5,6150,5870,280,5,6217,5833,384,6,6093,5834,259,4,56085,89
20135,KS,"Ness County, KS",1542,1491,51,3,1429,1380,49,3,1363,1324,39,3,1339,1304,35,3,1340,1307,33,3,1348,1304,44,3,1312,1283,29,2,55311,88
20137,KS,"Norton County, KS",2957,2884,73,3,2885,2815,70,2,2824,2761,63,2,2755,2698,57,2,2702,2644,58,2,2644,2578,66,3,2669,2622,47,2,47512,75
20139,KS,"Osage County, KS",8078,7676,402,5,8094,7738,356,4,7988,7674,314,4,8057,7760,297,4,8044,7761,283,4,7950,7556,394,5,8001,7764,237,3,55287,88
20141,KS,"Osborne County, KS",2096,2023,73,4,2068,1998,70,3,2022,1967,55,3,2051,2000,51,3,2042,2002,40,2,1972,1920,52,3,1961,1925,36,2,47811,76
20143,KS,"Ottawa County, KS",3238,3116,122,4,3177,3057,120,4,3069,2974,95,3,3021,2937,84,3,3024,2943,81,3,2971,2852,119,4,2967,2885,82,3,60560,96
20145,KS,"Pawnee County, KS",3316,3193,123,4,3224,3118,106,3,3042,2941,101,3,2922,2832,90,3,2860,2780,80,3,2850,2751,99,4,2831,2768,63,2,53821,85
20147,KS,"Phillips County, KS",2962,2867,95,3,2870,2780,90,3,2821,2738,83,3,2785,2717,68,2,2654,2586,68,3,2641,2556,85,3,2637,2581,56,2,56047,89
20149,KS,"Pottawatomie County, KS",11987,11550,437,4,12207,11782,425,4,12250,11875,375,3,12528,12191,337,3,12455,12107,348,3,12132,11642,490,4,12242,11935,307,3,75476,119
20151,KS,"Pratt County, KS",5305,5091,214,4,5128,4920,208,4,4972,4811,161,3,4972,4840,132,3,4928,4805,123,3,4921,4751,170,4,4913,4803,110,2,62958,100
20153,KS,"Rawlins County, KS",1539,1504,35,2,1552,1515,37,2,1462,1429,33,2,1481,1451,30,2,1500,1467,33,2,1544,1506,38,3,1632,1606,26,2,54417,86
20155,KS,"Reno County, KS",30925,29594,1331,4,30273,28944,1329,4,30159,28996,1163,4,29796,28746,1050,4,29865,28922,943,3,29731,28164,1567,5,29772,28825,947,3,57611,91
20157,KS,"Republic County, KS",2597,2526,71,3,2555,2485,70,3,2466,2397,69,3,2424,2360,64,3,2287,2230,57,3,2313,2241,72,3,2356,2302,54,2,52537,83
20159,KS,"Rice County, KS",5492,5285,207,4,5329,5117,212,4,5416,5243,173,3,5308,5157,151,3,5260,5117,143,3,5082,4878,204,4,5315,5187,128,2,59659,94
20161,KS,"Riley County, KS",35727,34508,1219,3,35046,33861,1185,3,35297,34224,1073,3,35378,34388,990,3,35258,34271,987,3,33547,31962,1585,5,33731,32789,942,3,56333,89
20163,KS,"Rooks County, KS",2817,2688,129,5,2681,2555,126,5,2504,2409,95,4,2529,2450,79,3,2542,2454,88,4,2501,2406,95,4,2437,2378,59,2,51376,81
20165,KS,"Rush County, KS",1800,1737,63,4,1740,1671,69,4,1658,1605,53,3,1659,1615,44,3,1637,1592,45,3,1572,1502,70,5,1583,1545,38,2,50673,80
20167,KS,"Russell County, KS",3744,3604,140,4,3589,3439,150,4,3520,3403,117,3,3381,3284,97,3,3317,3222,95,3,3307,3175,132,4,3361,3280,81,2,56536,89
20169,KS,"Saline County, KS",30954,29791,1163,4,30249,29124,1125,4,30744,29762,982,3,30376,29473,903,3,30387,29492,895,3,29482,27928,1554,5,29373,28494,879,3,56928,90
20171,KS,"Scott County, KS",2893,2813,80,3,2900,2829,71,2,2862,2800,62,2,2868,2813,55,2,2833,2780,53,2,2824,2758,66,2,2833,2788,45,2,68514,108
20173,KS,"Sedgwick County, KS",247439,235654,11785,5,248395,236886,11509,5,246480,236093,10387,4,248463,239315,9148,4,253832,245173,8659,3,257484,235491,21993,9,255086,243391,11695,5,59789,95
20175,KS,"Seward County, KS",10651,10193,458,4,10278,9831,447,4,9870,9526,344,4,9610,9307,303,3,9580,9289,291,3,9795,9396,399,4,9863,9588,275,3,54330,86
20177,KS,"Shawnee County, KS",91478,87603,3875,4,92101,88415,3686,4,91686,88343,3343,4,91122,88019,3103,3,90849,87860,2989,3,91083,85929,5154,6,91236,88399,2837,3,56191,89
20179,KS,"Sheridan County, KS",1486,1453,33,2,1456,1421,35,2,1378,1347,31,2,1427,1396,31,2,1418,1387,31,2,1465,1432,33,2,1465,1438,27,2,58186,92
20181,KS,"Sherman County, KS",3099,3009,90,3,2954,2857,97,3,2906,2823,83,3,2907,2828,79,3,2874,2797,77,3,2870,2778,92,3,2856,2784,72,3,52718,83
20183,KS,"Smith County, KS",2099,2018,81,4,2043,1978,65,3,1978,1923,55,3,1975,1927,48,2,1993,1944,49,3,1990,1940,50,3,2012,1977,35,2,49114,78
20185,KS,"Stafford County, KS",2189,2101,88,4,2104,2027,77,4,2011,1945,66,3,1980,1929,51,3,2005,1952,53,3,2022,1951,71,4,1980,1936,44,2,55004,87
20187,KS,"Stanton County, KS",1064,1032,32,3,1075,1045,30,3,1004,976,28,3,1005,980,25,3,995,970,25,3,1075,1052,23,2,1108,1087,21,2,68439,108
20189,KS,"Stevens County, KS",3187,3068,119,4,2921,2806,115,4,2682,2597,85,3,2610,2536,74,3,2588,2522,66,3,2802,2729,73,3,2884,2824,60,2,66592,105
20191,KS,"Sumner County, KS",11109,10615,494,4,10981,10517,464,4,10755,10347,408,4,10792,10422,370,3,10897,10533,364,3,10841,9975,866,8,10735,10293,442,4,56609,90
20193,KS,"Thomas County, KS",4427,4310,117,3,4372,4252,120,3,4273,4163,110,3,4287,4181,106,3,4331,4235,96,2,4233,4121,112,3,4259,4181,78,2,65158,103
20195,KS,"Trego County, KS",1513,1460,53,4,1483,1424,59,4,1442,1394,48,3,1385,1343,42,3,1416,1377,39,3,1447,1399,48,3,1419,1389,30,2,60246,95
20197,KS,"Wabaunsee County, KS",3742,3598,144,4,3723,3590,133,4,3659,3543,116,3,3677,3564,113,3,3696,3579,117,3,3676,3529,147,4,3711,3620,91,3,64886,103
20199,KS,"Wallace County, KS",879,855,24,3,863,840,23,3,854,832,22,3,824,804,20,2,820,799,21,3,836,820,16,2,887,872,15,2,57386,91
20201,KS,"Washington County, KS",3137,3039,98,3,3097,2996,101,3,2966,2878,88,3,2946,2869,77,3,2942,2865,77,3,3064,2993,71,2,3063,3010,53,2,51751,82
20203,KS,"Wichita County, KS",1258,1221,37,3,1211,1183,28,2,1176,1147,29,3,1322,1295,27,2,1385,1359,26,2,1243,1220,23,2,1179,1156,23,2,61326,97
20205,KS,"Wilson County, KS",4019,3755,264,7,4133,3886,247,6,4007,3819,188,5,4027,3856,171,4,3954,3801,153,4,3903,3607,296,8,3837,3683,154,4,50472,80
20207,KS,"Woodson County, KS",1615,1534,81,5,1624,1531,93,6,1597,1527,70,4,1603,1535,68,4,1625,1558,67,4,1561,1470,91,6,1528,1475,53,4,45357,72
20209,KS,"Wyandotte County, KS",76349,71773,4576,6,76774,72523,4251,6,77746,73714,4032,5,77310,73640,3670,5,77351,74027,3324,4,77663,71699,5964,8,77532,73905,3627,5,52223,83
21001,KY,"Adair County, KY",7219,6707,512,7,7083,6622,461,7,7169,6744,425,6,7192,6844,348,5,7144,6782,362,5,7019,6530,489,7,7267,6906,361,5,42429,79
21003,KY,"Allen County, KY",8668,8250,418,5,8853,8477,376,4,8980,8618,362,4,8914,8587,327,4,9084,8725,359,4,8664,8200,464,5,8894,8534,360,4,49980,92
21005,KY,"Anderson County, KY",11339,10877,462,4,11461,11006,455,4,11837,11365,472,4,11902,11486,416,4,12030,11605,425,4,11765,11073,692,6,11983,11508,475,4,65443,121
21007,KY,"Ballard County, KY",3600,3355,245,7,3641,3320,321,9,3635,3362,273,8,3531,3291,240,7,3478,3289,189,5,3324,3113,211,6,3447,3274,173,5,48623,90
21009,KY,"Barren County, KY",18429,17486,943,5,18859,17985,874,5,19014,18153,861,5,19028,18206,822,4,18832,18028,804,4,18073,16752,1321,7,18032,17073,959,5,45298,84
21011,KY,"Bath County, KY",4684,4327,357,8,4758,4412,346,7,4721,4355,366,8,4606,4302,304,7,4652,4379,273,6,4537,4172,365,8,4632,4365,267,6,41778,77
21013,KY,"Bell County, KY",8719,7979,740,9,8654,7869,785,9,8661,7989,672,8,8473,7956,517,6,8400,7891,509,6,8184,7567,617,8,8225,7756,469,6,30202,56
21015,KY,"Boone County, KY",65619,62983,2636,4,67283,64755,2528,4,69892,67247,2645,4,70616,68301,2315,3,72415,70102,2313,3,70556,66874,3682,5,71482,68781,2701,4,82393,152
21017,KY,"Bourbon County, KY",9742,9288,454,5,9879,9416,463,5,9890,9446,444,5,9686,9312,374,4,9633,9283,350,4,9568,9025,543,6,9663,9288,375,4,52368,97
21019,KY,"Boyd County, KY",18300,17058,1242,7,18542,17058,1484,8,18301,17014,1287,7,17912,16880,1032,6,17823,16869,954,5,17463,16052,1411,8,17284,16208,1076,6,54694,101
21021,KY,"Boyle County, KY",12015,11358,657,6,12312,11711,601,5,12612,11987,625,5,12556,12015,541,4,12659,12103,556,4,12562,11673,889,7,12657,12027,630,5,53374,99
21023,KY,"Bracken County, KY",3723,3492,231,6,3831,3604,227,6,3833,3614,219,6,3808,3626,182,5,3867,3689,178,5,3713,3490,223,6,3775,3597,178,5,55112,102
21025,KY,"Breathitt County, KY",3814,3443,371,10,3745,3381,364,10,3741,3419,322,9,3614,3359,255,7,3469,3223,246,7,3251,2928,323,10,3261,2979,282,9,33852,63
21027,KY,"Breckinridge County, KY",7651,7185,466,6,7736,7256,480,6,8019,7548,471,6,7941,7524,417,5,7941,7539,402,5,7818,7268,550,7,8021,7601,420,5,50292,93
21029,KY,"Bullitt County, KY",39420,37652,1768,5,40534,38873,1661,4,41837,40109,1728,4,42708,41035,1673,4,43282,41592,1690,4,42153,39551,2602,6,42784,40800,1984,5,71835,133
21031,KY,"Butler County, KY",5092,4795,297,6,5161,4884,277,5,5186,4906,280,5,5104,4859,245,5,5142,4906,236,5,4858,4528,330,7,4945,4719,226,5,44933,83
21033,KY,"Caldwell County, KY",5299,5006,293,6,5356,5067,289,5,5341,5062,279,5,5382,5133,249,5,5478,5220,258,5,5585,5253,332,6,5910,5661,249,4,47670,88
21035,KY,"Calloway County, KY",18544,17693,851,5,18694,17860,834,5,18798,17987,811,4,18734,18022,712,4,18726,17999,727,4,17775,16707,1068,6,17608,16807,801,5,47438,88
21037,KY,"Campbell County, KY",47793,45840,1953,4,48731,46893,1838,4,49884,48039,1845,4,50490,48871,1619,3,51272,49586,1686,3,49546,46891,2655,5,50276,48242,2034,4,64151,119
21039,KY,"Carlisle County, KY",2226,2096,130,6,2565,2401,164,6,2385,2223,162,7,2255,2146,109,5,2239,2150,89,4,2162,2065,97,5,2244,2158,86,4,46935,87
21041,KY,"Carroll County, KY",5007,4733,274,6,5183,4930,253,5,5004,4777,227,5,5247,5038,209,4,5334,5135,199,4,5293,4991,302,6,5391,5169,222,4,52640,97
21043,KY,"Carter County, KY",9929,8937,992,10,9934,8899,1035,10,9912,8955,957,10,9820,8937,883,9,9724,8957,767,8,9522,8635,887,9,9695,8940,755,8,44720,83
21045,KY,"Casey County, KY",6504,6133,371,6,6689,6371,318,5,6684,6368,316,5,6711,6405,306,5,6737,6468,269,4,6655,6255,400,6,6766,6486,280,4,35069,65
21047,KY,"Christian County, KY",24932,23368,1564,6,24889,23381,1508,6,24471,22999,1472,6,24529,23248,1281,5,24489,23180,1309,5,24460,22573,1887,8,24795,23351,1444,6,46950,87
21049,KY,"Clark County, KY",16870,16002,868,5,17023,16215,808,5,17285,16500,785,5,17132,16445,687,4,17277,16636,641,4,16960,15887,1073,6,17054,16304,750,4,58340,108
21051,KY,"Clay County, KY",5282,4775,507,10,5449,4904,545,10,5357,4894,463,9,5209,4853,356,7,5170,4827,343,7,5168,4742,426,8,5187,4835,352,7,26866,50
21053,KY,"Clinton County, KY",3791,3477,314,8,3749,3470,279,7,3861,3613,248,6,3865,3660,205,5,3987,3780,207,5,3952,3757,195,5,3960,3784,176,4,37428,69
21055,KY,"Crittenden County, KY",3717,3513,204,6,4022,3814,208,5,3983,3768,215,5,3862,3668,194,5,3776,3601,175,5,3673,3476,197,5,3809,3644,165,4,46844,87
21057,KY,"Cumberland County, KY",2866,2696,170,6,2890,2728,162,6,2940,2787,153,5,3118,2983,135,4,3223,3096,127,4,3255,3101,154,5,3307,3191,116,4,38275,71
21059,KY,"Daviess County, KY",45598,43527,2071,5,46692,44636,2056,4,47947,45896,2051,4,47440,45598,1842,4,47218,45476,1742,4,45857,43163,2694,6,46297,44290,2007,4,54948,102
21061,KY,"Edmonson County, KY",4680,4355,325,7,4804,4511,293,6,4861,4575,286,6,4809,4559,250,5,4760,4534,226,5,4589,4247,342,8,4655,4418,237,5,44459,82
21063,KY,"Elliott County, KY",2036,1829,207,10,2096,1858,238,11,2115,1894,221,10,2047,1861,186,9,2026,1868,158,8,1950,1761,189,10,1892,1734,158,8,35030,65
21065,KY,"Estill County, KY",5192,4874,318,6,5241,4936,305,6,5348,5035,313,6,5315,5033,282,5,5372,5119,253,5,5137,4761,376,7,5137,4871,266,5,39719,74
21067,KY,"Fayette County, KY",167924,161561,6363,4,171498,165460,6038,4,175398,169153,6245,4,174189,168551,5638,3,175752,170248,5504,3,171813,162258,9555,6,173189,166393,6796,4,60215,111
21069,KY,"Fleming County, KY",6071,5691,380,6,5945,5579,366,6,6063,5701,362,6,6076,5753,323,5,6222,5902,320,5,6108,5675,433,7,6049,5750,299,5,44691,83
21071,KY,"Floyd County, KY",11551,10468,1083,9,11447,10169,1278,11,11272,10349,923,8,10907,10213,694,6,11087,10417,670,6,10643,9707,936,9,10797,10033,764,7,35087,65
21073,KY,"Franklin County, KY",24316,23294,1022,4,24448,23466,982,4,24783,23786,997,4,24974,24072,902,4,25198,24306,892,4,24731,23168,1563,6,25190,24081,1109,4,59911,111
21075,KY,"Fulton County, KY",2062,1905,157,8,2066,1925,141,7,2065,1919,146,7,2030,1918,112,6,2035,1925,110,5,1985,1857,128,6,2075,1965,110,5,36421,67
21077,KY,"Gallatin County, KY",3842,3646,196,5,3904,3717,187,5,4039,3859,180,5,4066,3905,161,4,4122,3966,156,4,3948,3718,230,6,4000,3828,172,4,55650,103
21079,KY,"Garrard County, KY",7492,7109,383,5,7527,7165,362,5,7659,7293,366,5,7659,7327,332,4,7720,7381,339,4,7516,7058,458,6,7629,7289,340,5,54951,102
21081,KY,"Grant County, KY",11085,10503,582,5,11350,10806,544,5,11608,11052,556,5,11694,11205,489,4,11755,11295,460,4,11589,10796,793,7,11637,11113,524,5,56274,104
21083,KY,"Graves County, KY",15113,14184,929,6,15305,14366,939,6,15682,14762,920,6,15456,14703,753,5,15816,15130,686,4,15560,14669,891,6,15892,15186,706,4,44475,82
21085,KY,"Grayson County, KY",10502,9804,698,7,10726,10015,711,7,10893,10242,651,6,10952,10429,523,5,10998,10473,525,5,10641,9840,801,8,10512,9923,589,6,42297,78
21087,KY,"Green County, KY",4963,4701,262,5,5002,4780,222,4,5150,4916,234,5,5077,4868,209,4,5132,4921,211,4,5146,4878,268,5,5177,4984,193,4,41322,76
21089,KY,"Greenup County, KY",13737,12703,1034,8,13884,12698,1186,9,13593,12567,1026,8,13422,12560,862,6,13475,12638,837,6,13145,12010,1135,9,13020,12130,890,7,55777,103
21091,KY,"Hancock County, KY",3888,3697,191,5,4040,3826,214,5,4106,3902,204,5,3993,3828,165,4,3934,3789,145,4,3812,3587,225,6,3848,3680,168,4,57111,106
21093,KY,"Hardin County, KY",46591,44310,2281,5,47800,45688,2112,4,48753,46563,2190,5,48901,46956,1945,4,49238,47315,1923,4,47658,44370,3288,7,47078,44845,2233,5,56557,105
21095,KY,"Harlan County, KY",6985,6107,878,13,6738,5862,876,13,6474,5841,633,10,6536,6069,467,7,6727,6124,603,9,6506,5764,742,11,6466,5908,558,9,30745,57
21097,KY,"Harrison County, KY",8321,7939,382,5,8494,8099,395,5,8687,8294,393,5,8644,8297,347,4,8840,8481,359,4,8672,8156,516,6,8766,8426,340,4,55934,103
21099,KY,"Hart County, KY",7665,7275,390,5,7903,7534,369,5,8102,7749,353,4,8044,7731,313,4,7937,7578,359,5,7638,7157,481,6,7645,7307,338,4,41608,77
21101,KY,"Henderson County, KY",21415,20394,1021,5,21607,20594,1013,5,21976,20996,980,5,21983,21164,819,4,21672,20875,797,4,20663,19427,1236,6,20775,19843,932,5,54701,101
21103,KY,"Henry County, KY",7660,7309,351,5,7927,7606,321,4,8135,7808,327,4,8219,7914,305,4,8267,7980,287,4,8023,7574,449,6,8151,7825,326,4,53170,98
21105,KY,"Hickman County, KY",1926,1810,116,6,1920,1807,113,6,1819,1685,134,7,1792,1693,99,6,1765,1684,81,5,1718,1630,88,5,1719,1642,77,5,46553,86
21107,KY,"Hopkins County, KY",19114,18028,1086,6,19637,18530,1107,6,19477,18525,952,5,18381,17559,822,5,18453,17656,797,4,18021,16728,1293,7,18031,17106,925,5,47631,88
21109,KY,"Jackson County, KY",4188,3818,370,9,4166,3841,325,8,4101,3760,341,8,4087,3808,279,7,4125,3875,250,6,4038,3701,337,8,4097,3840,257,6,35889,66
21111,KY,"Jefferson County, KY",377461,359625,17836,5,386769,369938,16831,4,396592,379470,17122,4,399913,384200,15713,4,399654,384392,15262,4,389470,363625,25845,7,394151,375210,18941,5,62067,115
21113,KY,"Jessamine County, KY",25263,24218,1045,4,25667,24677,990,4,26433,25450,983,4,26443,25507,936,4,26794,25870,924,3,25934,24522,1412,5,26219,25165,1054,4,67610,125
21115,KY,"Johnson County, KY",7158,6531,627,9,7010,6297,713,10,6916,6331,585,9,6755,6307,448,7,6750,6328,422,6,6584,6036,548,8,6659,6170,489,7,40455,75
21117,KY,"Kenton County, KY",83262,79629,3633,4,84740,81306,3434,4,86621,83259,3362,4,87318,84399,2919,3,88746,85773,2973,3,85978,81166,4812,6,87115,83479,3636,4,66015,122
21119,KY,"Knott County, KY",4709,4232,477,10,4556,4035,521,11,4502,4126,376,8,4402,4109,293,7,4481,4191,290,7,4287,3934,353,8,4275,3966,309,7,33253,62
21121,KY,"Knox County, KY",9730,8940,790,8,9896,9115,781,8,10061,9310,751,8,9993,9380,613,6,9947,9386,561,6,9874,9089,785,8,10049,9427,622,6,31568,58
21123,KY,"Larue County, KY",5858,5563,295,5,5900,5632,268,5,6019,5741,278,5,5972,5713,259,4,6006,5750,256,4,5841,5432,409,7,5803,5517,286,5,50980,94
21125,KY,"Laurel County, KY",23379,21933,1446,6,23913,22450,1463,6,24664,23243,1421,6,24793,23558,1235,5,24896,23750,1146,5,24918,23247,1671,7,25250,24111,1139,5,50743,94
21127,KY,"Lawrence County, KY",4969,4499,470,10,5039,4496,543,11,5003,4557,446,9,5060,4703,357,7,5192,4848,344,7,5206,4788,418,8,5340,4998,342,6,38213,71
21129,KY,"Lee County, KY",1974,1804,170,9,1897,1714,183,10,1896,1738,158,8,2082,1952,130,6,2104,1990,114,5,2042,1905,137,7,2009,1896,113,6,30575,57
21131,KY,"Leslie County, KY",2867,2550,317,11,2789,2417,372,13,2734,2463,271,10,2618,2437,181,7,2676,2468,208,8,2578,2307,271,11,2534,2328,206,8,39098,72
21133,KY,"Letcher County, KY",6603,5843,760,12,6421,5634,787,12,6293,5714,579,9,6244,5854,390,6,6284,5845,439,7,6062,5468,594,10,6038,5579,459,8,36259,67
21135,KY,"Lewis County, KY",4789,4368,421,9,4742,4281,461,10,4702,4275,427,9,4696,4314,382,8,4658,4267,391,8,4653,4225,428,9,4703,4344,359,8,39288,73
21137,KY,"Lincoln County, KY",9031,8428,603,7,9148,8599,549,6,9376,8855,521,6,9340,8882,458,5,9377,8932,445,5,9211,8502,709,8,9278,8759,519,6,43748,81
21139,KY,"Livingston County, KY",3678,3416,262,7,3687,3425,262,7,3756,3478,278,7,3663,3421,242,7,3643,3445,198,5,3499,3242,257,7,3632,3409,223,6,52994,98
21141,KY,"Logan County, KY",11448,10903,545,5,11735,11225,510,4,12164,11641,523,4,12413,11946,467,4,12596,12114,482,4,12103,11454,649,5,12296,11829,467,4,51905,96
21143,KY,"Lyon County, KY",2864,2701,163,6,2961,2789,172,6,2993,2822,171,6,3049,2899,150,5,3121,2980,141,5,3054,2897,157,5,3113,2974,139,5,51970,96
21145,KY,"McCracken County, KY",28732,27102,1630,6,29006,27354,1652,6,29670,27903,1767,6,29158,27569,1589,5,29256,27885,1371,5,28743,26768,1975,7,29655,28160,1495,5,50650,94
21147,KY,"McCreary County, KY",4633,4243,390,8,4600,4234,366,8,4691,4374,317,7,4627,4344,283,6,4720,4453,267,6,4822,4485,337,7,4886,4606,280,6,31453,58
21149,KY,"McLean County, KY",4255,4049,206,5,4333,4127,206,5,4302,4076,226,5,4230,4025,205,5,4168,3991,177,4,3965,3746,219,6,4021,3849,172,4,48088,89
21151,KY,"Madison County, KY",45192,43268,1924,4,45115,43253,1862,4,46177,44242,1935,4,46866,45113,1753,4,47657,45919,1738,4,45840,43156,2684,6,46664,44742,1922,4,55336,102
21153,KY,"Magoffin County, KY",3322,2803,519,16,3139,2525,614,20,2986,2509,477,16,2922,2556,366,13,3116,2792,324,10,3179,2685,494,16,3242,2836,406,13,32389,60
21155,KY,"Marion County, KY",9118,8674,444,5,9402,9010,392,4,9464,9078,386,4,9632,9281,351,4,9734,9380,354,4,9215,8515,700,8,9285,8880,405,4,57062,106
21157,KY,"Marshall County, KY",14807,13986,821,6,14912,14058,854,6,15036,14159,877,6,14945,14173,772,5,15117,14448,669,4,14798,13915,883,6,14446,13774,672,5,56286,104
21159,KY,"Martin County, KY",3085,2779,306,10,3083,2769,314,10,3075,2844,231,8,2793,2620,173,6,2677,2498,179,7,2474,2196,278,11,2350,2132,218,9,30320,56
21161,KY,"Mason County, KY",7286,6842,444,6,7137,6687,450,6,7222,6782,440,6,7174,6788,386,5,7116,6730,386,5,6853,6324,529,8,6796,6421,375,6,49216,91
21163,KY,"Meade County, KY",11785,11136,649,6,12092,11477,615,5,12236,11617,619,5,12241,11685,556,5,12202,11662,540,4,11749,10939,810,7,11679,11061,618,5,56845,105
21165,KY,"Menifee County, KY",2353,2152,201,9,2393,2188,205,9,2367,2164,203,9,2315,2143,172,7,2329,2175,154,7,2250,2056,194,9,2309,2150,159,7,40773,75
21167,KY,"Mercer County, KY",9675,9192,483,5,9891,9418,473,5,9979,9498,481,5,9895,9470,425,4,10071,9629,442,4,9863,9168,695,7,9932,9480,452,5,53743,99
21169,KY,"Metcalfe County, KY",4020,3813,207,5,4120,3934,186,5,4182,4014,168,4,4114,3946,168,4,4112,3925,187,5,3982,3680,302,8,3980,3764,216,5,39993,74
21171,KY,"Monroe County, KY",4491,4295,196,4,4603,4411,192,4,4729,4547,182,4,4695,4504,191,4,4671,4497,174,4,4558,4321,237,5,4637,4452,185,4,38449,71
21173,KY,"Montgomery County, KY",11705,10943,762,7,11854,11101,753,6,11731,10970,761,7,11659,10983,676,6,11643,11053,590,5,11324,10450,874,8,11543,10928,615,5,51234,95
21175,KY,"Morgan County, KY",4405,4042,363,8,4485,4130,355,8,4508,4181,327,7,4470,4193,277,6,4582,4349,233,5,4395,4106,289,7,4326,4077,249,6,38274,71
21177,KY,"Muhlenberg County, KY",11503,10677,826,7,11361,10540,821,7,11245,10480,765,7,10536,9847,689,7,10504,9893,611,6,9913,9080,833,8,9822,9171,651,7,45599,84
21179,KY,"Nelson County, KY",21016,19963,1053,5,21706,20731,975,5,22285,21322,963,4,22692,21740,952,4,23252,22249,1003,4,22696,21163,1533,7,23223,22213,1010,4,68264,126
21181,KY,"Nicholas County, KY",3175,2978,197,6,3219,3036,183,6,3315,3133,182,6,3281,3134,147,5,3315,3176,139,4,3271,3051,220,7,3314,3171,143,4,48290,89
21183,KY,"Ohio County, KY",9307,8720,587,6,9524,8894,630,7,9788,9179,609,6,9860,9313,547,6,9758,9285,473,5,9273,8626,647,7,9010,8512,498,6,48621,90
21185,KY,"Oldham County, KY",30938,29747,1191,4,31932,30862,1070,3,32937,31805,1132,3,33276,32214,1062,3,33597,32557,1040,3,32443,30919,1524,5,33100,31915,1185,4,105897,196
21187,KY,"Owen County, KY",5370,5150,220,4,5490,5257,233,4,5453,5217,236,4,5204,4954,250,5,5142,4919,223,4,5085,4770,315,6,5092,4875,217,4,45177,84
21189,KY,"Owsley County, KY",1137,1023,114,10,1120,1012,108,10,1100,1010,90,8,1136,1055,81,7,1091,1016,75,7,1078,978,100,9,1054,980,74,7,25997,48
21191,KY,"Pendleton County, KY",6672,6321,351,5,6851,6526,325,5,6987,6664,323,5,6982,6701,281,4,7043,6790,253,4,6759,6417,342,5,6897,6612,285,4,60824,113
21193,KY,"Perry County, KY",8799,8007,792,9,8549,7634,915,11,8401,7717,684,8,8153,7654,499,6,8338,7864,474,6,8132,7432,700,9,7994,7491,503,6,35555,66
21195,KY,"Pike County, KY",20842,18924,1918,9,20225,18052,2173,11,20353,18804,1549,8,19966,18825,1141,6,20053,18967,1086,5,19098,17552,1546,8,19105,17891,1214,6,38917,72
21197,KY,"Powell County, KY",4857,4516,341,7,4958,4607,351,7,5027,4699,328,7,5012,4722,290,6,5043,4788,255,5,5045,4684,361,7,5135,4888,247,5,40215,74
21199,KY,"Pulaski County, KY",25444,23956,1488,6,25388,24021,1367,5,25393,23990,1403,6,25995,24724,1271,5,26677,25487,1190,5,25723,23893,1830,7,25971,24692,1279,5,44717,83
21201,KY,"Robertson County, KY",781,730,51,7,805,756,49,6,818,768,50,6,801,763,38,5,812,770,42,5,787,741,46,6,801,767,34,4,49529,92
21203,KY,"Rockcastle County, KY",6872,6438,434,6,6683,6280,403,6,6625,6247,378,6,6631,6309,322,5,6662,6358,304,5,6371,5918,453,7,6457,6137,320,5,42205,78
21205,KY,"Rowan County, KY",10290,9685,605,6,10574,9955,619,6,10656,10050,606,6,10519,9989,530,5,10406,9885,521,5,9966,9246,720,7,9943,9417,526,5,46535,86
21207,KY,"Russell County, KY",6140,5425,715,12,6135,5626,509,8,6257,5819,438,7,6273,5919,354,6,6264,5925,339,5,6068,5582,486,8,6118,5785,333,5,41088,76
21209,KY,"Scott County, KY",26918,25868,1050,4,27992,26943,1049,4,28725,27691,1034,4,28937,28003,934,3,29819,28840,979,3,29874,28069,1805,6,29876,28785,1091,4,70526,130
21211,KY,"Shelby County, KY",22897,21987,910,4,23811,22972,839,4,24715,23841,874,4,25466,24612,854,3,25869,25036,833,3,25410,24072,1338,5,25837,24857,980,4,75600,140
21213,KY,"Simpson County, KY",8322,7928,394,5,8391,8021,370,4,8732,8343,389,5,8849,8511,338,4,8919,8537,382,4,8516,7917,599,7,8850,8479,371,4,56107,104
21215,KY,"Spencer County, KY",9258,8867,391,4,9656,9294,362,4,9953,9578,375,4,10207,9849,358,4,10542,10193,349,3,10342,9766,576,6,10529,10082,447,4,83583,155
21217,KY,"Taylor County, KY",11773,11072,701,6,12218,11622,596,5,12875,12323,552,4,12541,12028,513,4,12821,12308,513,4,12971,12220,751,6,12363,11879,484,4,48384,90
21219,KY,"Todd County, KY",5230,4980,250,5,5303,5070,233,4,5328,5108,220,4,5296,5090,206,4,5435,5231,204,4,5392,5141,251,5,5521,5320,201,4,50393,93
21221,KY,"Trigg County, KY",5724,5401,323,6,5819,5497,322,6,5945,5613,332,6,5904,5626,278,5,5989,5720,269,5,5965,5562,403,7,6062,5755,307,5,50258,93
21223,KY,"Trimble County, KY",3841,3627,214,6,3869,3663,206,5,3883,3694,189,5,3866,3706,160,4,3874,3713,161,4,3782,3533,249,7,3834,3649,185,5,64971,120
21225,KY,"Union County, KY",6126,5716,410,7,6163,5749,414,7,6105,5745,360,6,6006,5716,290,5,6090,5830,260,4,5924,5558,366,6,6021,5759,262,4,53064,98
21227,KY,"Warren County, KY",59464,56834,2630,4,61992,59600,2392,4,64035,61488,2547,4,64546,62227,2319,4,65754,63314,2440,4,63444,59408,4036,6,64517,61768,2749,4,56552,105
21229,KY,"Washington County, KY",5954,5691,263,4,6083,5825,258,4,6180,5927,253,4,6136,5917,219,4,6252,6020,232,4,6081,5710,371,6,6177,5937,240,4,51897,96
21231,KY,"Wayne County, KY",7028,6461,567,8,7259,6708,551,8,7407,6842,565,8,7571,7058,513,7,7451,7044,407,6,7344,6883,461,6,7410,7035,375,5,36628,68
21233,KY,"Webster County, KY",5958,5650,308,5,5834,5487,347,6,5809,5512,297,5,5774,5537,237,4,5751,5532,219,4,5410,5073,337,6,5344,5103,241,5,52901,98
21235,KY,"Whitley County, KY",13117,12235,882,7,13349,12480,869,7,13763,12984,779,6,13731,13058,673,5,13828,13156,672,5,13791,12841,950,7,14007,13309,698,5,34559,64
21237,KY,"Wolfe County, KY",1908,1716,192,10,1917,1725,192,10,1926,1753,173,9,1897,1756,141,7,1965,1833,132,7,2079,1925,154,7,2222,2092,130,6,33757,62
21239,KY,"Woodford County, KY",14375,13876,499,4,14762,14294,468,3,14972,14494,478,3,14753,14308,445,3,15080,14633,447,3,14851,14132,719,5,15053,14543,510,3,69544,129
22001,LA,"Acadia Parish, LA",25710,23962,1748,7,24540,22724,1816,7,24068,22647,1421,6,23987,22713,1274,5,23980,22748,1232,5,23311,21493,1818,8,23518,22355,1163,5,45183,87
22003,LA,"Allen Parish, LA",8788,8181,607,7,8910,8337,573,6,8988,8515,473,5,8794,8301,493,6,8837,8357,480,5,8392,7574,818,10,8137,7687,450,6,49671,96
22005,LA,"Ascension Parish, LA",61401,58319,3082,5,62060,59019,3041,5,62884,60202,2682,4,64446,61833,2613,4,65203,62617,2586,4,64283,59710,4573,7,64756,62050,2706,4,88680,171
22007,LA,"Assumption Parish, LA",9760,8997,763,8,9218,8443,775,8,8954,8297,657,7,8992,8401,591,7,8921,8402,519,6,8772,7834,938,11,8713,8088,625,7,52046,101
22009,LA,"Avoyelles Parish, LA",15896,14710,1186,8,15702,14591,1111,7,15638,14681,957,6,15359,14496,863,6,15228,14376,852,6,14925,13656,1269,9,14753,13982,771,5,40448,78
22011,LA,"Beauregard Parish, LA",15132,14179,953,6,15083,14169,914,6,14691,13906,785,5,14629,13860,769,5,14686,13948,738,5,14387,13355,1032,7,14628,14030,598,4,53708,104
22013,LA,"Bienville Parish, LA",5779,5302,477,8,5671,5239,432,8,5641,5304,337,6,5658,5332,326,6,5532,5218,314,6,5374,4933,441,8,5244,4945,299,6,39695,77
22015,LA,"Bossier Parish, LA",57945,54695,3250,6,57649,54581,3068,5,57713,55141,2572,5,58178,55729,2449,4,58180,55768,2412,4,56751,52939,3812,7,57066,54867,2199,4,53225,103
22017,LA,"Caddo Parish, LA",109831,102042,7789,7,107169,100070,7099,7,105028,98953,6075,6,104596,98917,5679,5,103335,97997,5338,5,101444,91806,9638,10,101475,95172,6303,6,43216,84
22019,LA,"Calcasieu Parish, LA",98809,93523,5286,5,103001,98072,4929,5,108614,104315,4299,4,110186,106015,4171,4,106918,102706,4212,4,97332,88018,9314,10,95934,90541,5393,6,57252,111
22021,LA,"Caldwell Parish, LA",4010,3679,331,8,3987,3682,305,8,3864,3644,220,6,3846,3627,219,6,3790,3567,223,6,3649,3361,288,8,3670,3500,170,5,42490,82
22023,LA,"Cameron Parish, LA",3653,3484,169,5,3822,3654,168,4,4011,3867,144,4,4089,3946,143,4,3961,3819,142,4,3504,3288,216,6,3503,3381,122,4,60887,118
22025,LA,"Catahoula Parish, LA",3599,3255,344,10,3428,3109,319,9,3439,3197,242,7,3370,3145,225,7,3400,3190,210,6,3447,3185,262,8,3483,3304,179,5,39222,76
22027,LA,"Claiborne Parish, LA",6161,5713,448,7,5958,5560,398,7,5867,5554,313,5,5828,5529,299,5,5845,5530,315,5,5458,5069,389,7,5456,5190,266,5,37407,72
22029,LA,"Concordia Parish, LA",7511,6863,648,9,7260,6659,601,8,7165,6603,562,8,7024,6541,483,7,7011,6575,436,6,6894,6289,605,9,6906,6500,406,6,37546,73
22031,LA,"De Soto Parish, LA",11030,10158,872,8,10902,10100,802,7,10800,10146,654,6,10931,10313,618,6,10973,10341,632,6,10688,9864,824,8,10738,10218,520,5,43733,85
22033,LA,"East Baton Rouge Parish, LA",234153,221537,12616,5,232408,220408,12000,5,232155,221966,10189,4,232097,222184,9913,4,230956,221116,9840,4,225973,207325,18648,8,227407,215464,11943,5,57099,110
22035,LA,"East Carroll Parish, LA",2206,1897,309,14,2141,1893,248,12,2059,1830,229,11,1959,1760,199,10,1895,1702,193,10,1813,1583,230,13,1745,1573,172,10,32813,63
22037,LA,"East Feliciana Parish, LA",8178,7695,483,6,8114,7645,469,6,7992,7609,383,5,8037,7668,369,5,7937,7582,355,5,7566,7024,542,7,7654,7306,348,5,52158,101
22039,LA,"Evangeline Parish, LA",12934,11967,967,8,12686,11745,941,7,12561,11819,742,6,12134,11447,687,6,11953,11274,679,6,11940,10953,987,8,11985,11333,652,5,38415,74
22041,LA,"Franklin Parish, LA",7489,6768,721,10,7288,6627,661,9,7318,6772,546,8,7295,6778,517,7,7398,6884,514,7,7317,6678,639,9,7420,6989,431,6,42706,83
22043,LA,"Grant Parish, LA",8438,7825,613,7,8334,7752,582,7,8198,7682,516,6,8234,7762,472,6,8222,7762,460,6,8118,7547,571,7,8207,7877,330,4,56380,109
22045,LA,"Iberia Parish, LA",31693,29138,2555,8,30150,27315,2835,9,28987,26871,2116,7,28374,26728,1646,6,27883,26421,1462,5,27493,24724,2769,10,27669,25757,1912,7,50449,98
22047,LA,"Iberville Parish, LA",14347,13305,1042,7,14126,13157,969,7,14179,13306,873,6,14190,13322,868,6,14001,13197,804,6,13642,12212,1430,11,13659,12679,980,7,36990,72
22049,LA,"Jackson Parish, LA",7226,6796,430,6,7092,6696,396,6,6995,6679,316,5,6900,6585,315,5,6840,6527,313,5,6720,6333,387,6,6745,6492,253,4,41940,81
22051,LA,"Jefferson Parish, LA",218574,206102,12472,6,216748,205292,11456,5,215341,205590,9751,5,214103,204826,9277,4,214566,205922,8644,4,209463,189241,20222,10,208446,196000,12446,6,58586,113
22053,LA,"Jefferson Davis Parish, LA",13543,12709,834,6,13592,12773,819,6,13643,12979,664,5,13551,12916,635,5,13343,12739,604,5,12728,11702,1026,8,12658,12057,601,5,47924,93
22055,LA,"Lafayette Parish, LA",119603,112863,6740,6,114488,107456,7032,6,113287,107757,5530,5,114366,109324,5042,4,115299,110504,4795,4,114141,105578,8563,8,115123,109956,5167,5,59362,115
22057,LA,"Lafourche Parish, LA",46446,43950,2496,5,43345,40617,2728,6,41994,39813,2181,5,42236,40273,1963,5,42151,40323,1828,4,41152,38299,2853,7,40657,38805,1852,5,56743,110
22059,LA,"LaSalle Parish, LA",6580,6128,452,7,6278,5862,416,7,6152,5864,288,5,6374,6100,274,4,6752,6474,278,4,6827,6475,352,5,6677,6458,219,3,48306,93
22061,LA,"Lincoln Parish, LA",20974,19518,1456,7,21490,20153,1337,6,21597,20480,1117,5,22063,20935,1128,5,22017,20876,1141,5,20987,19584,1403,7,21118,20215,903,4,44728,87
22063,LA,"Livingston Parish, LA",68016,64556,3460,5,68759,65272,3487,5,67824,64965,2859,4,69211,66455,2756,4,69607,66865,2742,4,68727,64067,4660,7,69221,66611,2610,4,61680,119
22065,LA,"Madison Parish, LA",3887,3528,359,9,3840,3495,345,9,3785,3479,306,8,3621,3324,297,8,3545,3272,273,8,3532,3211,321,9,3478,3244,234,7,33841,65
22067,LA,"Morehouse Parish, LA",10773,9597,1176,11,10635,9603,1032,10,10377,9550,827,8,10192,9367,825,8,10001,9201,800,8,10017,8971,1046,10,9942,9214,728,7,36290,70
22069,LA,"Natchitoches Parish, LA",16501,15256,1245,8,16733,15606,1127,7,16368,15390,978,6,16480,15530,950,6,16413,15456,957,6,16083,14903,1180,7,16341,15575,766,5,44720,86
22071,LA,"Orleans Parish, LA",181288,169564,11724,7,180187,169604,10583,6,178923,169724,9199,5,179026,170148,8878,5,179756,171311,8445,5,179774,157276,22498,13,177776,162980,14796,8,51704,100
22073,LA,"Ouachita Parish, LA",71983,67230,4753,7,71640,67279,4361,6,70733,67017,3716,5,71103,67486,3617,5,70446,66849,3597,5,69374,63914,5460,8,69404,65924,3480,5,45251,88
22075,LA,"Plaquemines Parish, LA",10286,9714,572,6,10197,9651,546,5,10027,9560,467,5,10088,9626,462,5,10041,9621,420,4,9528,8817,711,8,9539,9126,413,4,55861,108
22077,LA,"Pointe Coupee Parish, LA",10085,9423,662,7,9972,9325,647,7,10014,9455,559,6,9943,9415,528,5,9812,9304,508,5,9446,8653,793,8,9544,8997,547,6,49583,96
22079,LA,"Rapides Parish, LA",57958,54240,3718,6,57346,53805,3541,6,56169,53019,3150,6,55629,52729,2900,5,55257,52558,2699,5,54677,51015,3662,7,55425,53197,2228,4,45130,87
22081,LA,"Red River Parish, LA",3900,3632,268,7,3813,3583,230,6,3865,3664,201,5,4062,3883,179,4,3762,3577,185,5,3584,3345,239,7,3668,3509,159,4,42135,82
22083,LA,"Richland Parish, LA",8628,7879,749,9,8455,7827,628,7,8328,7818,510,6,8340,7827,513,6,8258,7761,497,6,8098,7436,662,8,8117,7695,422,5,43794,85
22085,LA,"Sabine Parish, LA",9439,8769,670,7,9150,8516,634,7,8841,8355,486,6,9062,8599,463,5,9259,8806,453,5,9201,8652,549,6,9271,8929,342,4,38833,75
22087,LA,"St. Bernard Parish, LA",19641,18354,1287,7,19571,18379,1192,6,19546,18523,1023,5,19869,18887,982,5,20223,19273,950,5,19995,17889,2106,11,19908,18549,1359,7,50790,98
22089,LA,"St. Charles Parish, LA",25511,24062,1449,6,25351,24004,1347,5,24942,23820,1122,5,25141,24056,1085,4,25428,24373,1055,4,24358,22356,2002,8,24370,23150,1220,5,69889,135
22091,LA,"St. Helena Parish, LA",4511,4104,407,9,4395,4058,337,8,4323,4036,287,7,4326,4046,280,7,4235,3984,251,6,4239,3720,519,12,4257,3867,390,9,40709,79
22093,LA,"St. James Parish, LA",9763,8942,821,8,9618,8898,720,8,9395,8771,624,7,9249,8680,569,6,9316,8780,536,6,8842,7924,918,10,8845,8193,652,7,58309,113
22095,LA,"St. John the Baptist Parish, LA",20293,18786,1507,7,20080,18706,1374,7,19745,18533,1212,6,19657,18552,1105,6,19627,18566,1061,5,19184,16930,2254,12,19155,17521,1634,9,56697,110
22097,LA,"St. Landry Parish, LA",33642,30959,2683,8,32850,30194,2656,8,32111,29970,2141,7,32035,30060,1975,6,32058,30121,1937,6,32177,29202,2975,9,32024,30008,2016,6,39153,76
22099,LA,"St. Martin Parish, LA",23980,22343,1637,7,22992,21208,1784,8,22572,21202,1370,6,22351,21192,1159,5,22291,21193,1098,5,21773,19886,1887,9,21901,20668,1233,6,48524,94
22101,LA,"St. Mary Parish, LA",24165,22338,1827,8,21967,19903,2064,9,20396,18793,1603,8,20129,18829,1300,7,19854,18728,1126,6,19379,17494,1885,10,19192,17897,1295,7,47236,91
22103,LA,"St. Tammany Parish, LA",116999,110740,6259,5,117626,111775,5851,5,117603,112576,5027,4,119274,114348,4926,4,121285,116422,4863,4,116652,108347,8305,7,116814,112322,4492,4,67462,130
22105,LA,"Tangipahoa Parish, LA",53997,50124,3873,7,54229,50567,3662,7,54897,51769,3128,6,54700,51725,2975,5,54958,52036,2922,5,56126,50450,5676,10,56131,52524,3607,6,47272,91
22107,LA,"Tensas Parish, LA",1710,1544,166,10,1628,1468,160,10,1554,1423,131,8,1449,1339,110,8,1397,1284,113,8,1342,1221,121,9,1318,1240,78,6,33294,64
22109,LA,"Terrebonne Parish, LA",52800,49667,3133,6,49011,45592,3419,7,46818,44157,2661,6,46613,44313,2300,5,46437,44363,2074,5,45659,41907,3752,8,45015,42418,2597,6,55402,107
22111,LA,"Union Parish, LA",9317,8655,662,7,9254,8647,607,7,9215,8703,512,6,9229,8716,513,6,9129,8616,513,6,8988,8300,688,8,8993,8557,436,5,42342,82
22113,LA,"Vermilion Parish, LA",25733,23959,1774,7,24732,22848,1884,8,24261,22808,1453,6,24271,22997,1274,5,24150,22976,1174,5,23581,21719,1862,8,23846,22645,1201,5,52709,102
22115,LA,"Vernon Parish, LA",17359,16019,1340,8,16949,15720,1229,7,16396,15329,1067,7,15977,14952,1025,6,15867,14947,920,6,15791,14576,1215,8,16011,15282,729,5,55124,107
22117,LA,"Washington Parish, LA",16974,15687,1287,8,16966,15773,1193,7,16953,15975,978,6,16879,15918,961,6,16843,15888,955,6,16612,15165,1447,9,16870,15882,988,6,38604,75
22119,LA,"Webster Parish, LA",15517,14157,1360,9,15218,13919,1299,9,14784,13771,1013,7,14641,13758,883,6,14471,13620,851,6,13948,12771,1177,8,14001,13235,766,6,41747,81
22121,LA,"West Baton Rouge Parish, LA",13206,12472,734,6,13256,12549,707,5,13508,12889,619,5,13737,13138,599,4,13720,13120,600,4,13489,12461,1028,8,13611,12949,662,5,62919,122
22123,LA,"West Carroll Parish, LA",4104,3556,548,13,4108,3617,491,12,4005,3613,392,10,4013,3657,356,9,3645,3271,374,10,3656,3262,394,11,3508,3286,222,6,38513,75
22125,LA,"West Feliciana Parish, LA",5384,5102,282,5,5334,5058,276,5,5336,5114,222,4,5410,5200,210,4,5438,5223,215,4,5169,4869,300,6,5253,5060,193,4,58499,113
22127,LA,"Winn Parish, LA",5317,4870,447,8,5191,4788,403,8,5060,4734,326,6,4968,4664,304,6,4878,4582,296,6,4685,4327,358,8,4602,4381,221,5,42991,83
23001,ME,"Androscoggin County, ME",55166,52859,2307,4,55482,53500,1982,4,56004,54211,1793,3,55837,54140,1697,3,55782,54273,1509,3,54287,51543,2744,5,54219,51576,2643,5,57723,98
23003,ME,"Aroostook County, ME",31915,30022,1893,6,31548,29842,1706,5,31779,30220,1559,5,31176,29795,1381,4,30556,29277,1279,4,29199,27715,1484,5,29056,27408,1648,6,45523,77
23005,ME,"Cumberland County, ME",158956,153481,5475,3,162396,157678,4718,3,165899,161555,4344,3,166432,162313,4119,3,166841,163213,3628,2,160751,152878,7873,5,162433,155942,6491,4,75455,128
23007,ME,"Franklin County, ME",14629,13932,697,5,14483,13838,645,5,14563,13960,603,4,14535,13997,538,4,14535,14029,506,4,13726,12953,773,6,13839,13109,730,5,49317,83
23009,ME,"Hancock County, ME",29250,27616,1634,6,29245,27934,1311,5,29553,28403,1150,4,29678,28646,1032,4,29455,28517,938,3,27710,26239,1471,5,28376,26953,1423,5,58466,99
23011,ME,"Kennebec County, ME",62035,59397,2638,4,62459,60193,2266,4,63224,61129,2095,3,62851,60969,1882,3,62758,61082,1676,3,61354,58547,2807,5,61360,58722,2638,4,53876,91
23013,ME,"Knox County, ME",20607,19760,847,4,20762,20034,728,4,20893,20221,672,3,20794,20183,611,3,20576,20033,543,3,19562,18584,978,5,19881,19008,873,4,66058,112
23015,ME,"Lincoln County, ME",16835,16086,749,4,17057,16429,628,4,17188,16620,568,3,17113,16587,526,3,17104,16648,456,3,16386,15584,802,5,16707,15967,740,4,64825,110
23017,ME,"Oxford County, ME",26707,25250,1457,6,26635,25409,1226,5,27052,26006,1046,4,26897,25912,985,4,26783,25908,875,3,25776,24197,1579,6,26298,24828,1470,6,47611,81
23019,ME,"Penobscot County, ME",77374,73700,3674,5,77183,73852,3331,4,77582,74621,2961,4,77413,74730,2683,4,77440,75115,2325,3,74210,70505,3705,5,74855,71312,3543,5,52079,88
23021,ME,"Piscataquis County, ME",7501,7087,414,6,7494,7123,371,5,7561,7252,309,4,7516,7229,287,4,7350,7098,252,3,7157,6798,359,5,7440,7067,373,5,48769,83
23023,ME,"Sagadahoc County, ME",19058,18386,672,4,19241,18673,568,3,19554,19016,538,3,19694,19203,491,3,19742,19329,413,2,19246,18403,843,4,19159,18448,711,4,68433,116
23025,ME,"Somerset County, ME",23789,22227,1562,7,23544,22225,1319,6,23260,22107,1153,5,22962,21942,1020,4,22657,21738,919,4,22010,20662,1348,6,22318,20920,1398,6,43694,74
23027,ME,"Waldo County, ME",20752,19669,1083,5,20914,20041,873,4,21333,20550,783,4,21347,20654,693,3,20898,20291,607,3,19981,19035,946,5,20249,19298,951,5,56085,95
23029,ME,"Washington County, ME",14085,13184,901,6,14042,13268,774,6,14163,13450,713,5,13988,13351,637,5,13810,13228,582,4,13340,12574,766,6,13452,12583,869,7,48582,82
23031,ME,"York County, ME",109193,104891,4302,4,111436,107686,3750,3,114265,110844,3421,3,114906,111685,3221,3,115342,112492,2850,3,110537,105050,5487,5,112246,107197,5049,5,67965,115
24001,MD,"Allegany County, MD",32260,30051,2209,7,32365,30416,1949,6,32643,30836,1807,6,32539,30875,1664,5,32809,31166,1643,5,31382,28925,2457,8,30504,28538,1966,6,53023,60
24003,MD,"Anne Arundel County, MD",300799,287823,12976,4,303234,292085,11149,4,313685,302969,10716,3,317971,308136,9835,3,326680,317125,9555,3,317403,299113,18290,6,312621,297777,14844,5,105979,120
24005,MD,"Baltimore County, MD",444707,421631,23076,5,444683,424736,19947,5,456532,437550,18982,4,457801,440676,17125,4,467047,450509,16538,4,452245,421646,30599,7,444930,419727,25203,6,79974,90
24009,MD,"Calvert County, MD",46993,44875,2118,5,48750,46930,1820,4,50035,48289,1746,4,50475,48817,1658,3,51633,50071,1562,3,49699,47128,2571,5,48774,46537,2237,5,111665,126
24011,MD,"Caroline County, MD",17460,16525,935,5,17643,16830,813,5,18215,17466,749,4,18496,17843,653,4,18678,18036,642,3,17701,16714,987,6,17435,16609,826,5,60617,68
24013,MD,"Carroll County, MD",93014,89165,3849,4,93015,89753,3262,4,95492,92385,3107,3,96786,93880,2906,3,98624,95871,2753,3,95028,90205,4823,5,93816,89896,3920,4,104817,118
24015,MD,"Cecil County, MD",52545,49457,3088,6,52564,49912,2652,5,53566,51100,2466,5,53608,51411,2197,4,54821,52739,2082,4,53323,50171,3152,6,52338,49595,2743,5,84248,95
24017,MD,"Charles County, MD",80471,76540,3931,5,83812,80379,3433,4,86802,83476,3326,4,87915,84773,3142,4,90564,87407,3157,4,88174,82357,5817,7,86208,81268,4940,6,102681,116
24019,MD,"Dorchester County, MD",15790,14680,1110,7,15863,14911,952,6,15844,14974,870,6,15762,15004,758,5,16429,15700,729,4,16553,15467,1086,7,16235,15321,914,6,54846,62
24021,MD,"Frederick County, MD",128473,122837,5636,4,128533,123692,4841,4,132632,127973,4659,4,135693,131303,4390,3,140321,136073,4248,3,137540,129513,8027,6,134802,128334,6468,5,99254,112
24023,MD,"Garrett County, MD",15627,14660,967,6,15483,14635,848,6,15699,14916,783,5,15777,15081,696,4,16258,15574,684,4,15623,14574,1049,7,15365,14561,804,5,56929,64
24025,MD,"Harford County, MD",135807,129254,6553,5,136199,130653,5546,4,140156,134920,5236,4,142173,137414,4759,3,146064,141410,4654,3,141380,133250,8130,6,139296,132625,6671,5,102537,116
24027,MD,"Howard County, MD",176684,170079,6605,4,179120,173421,5699,3,186139,180542,5597,3,189214,183944,5270,3,194875,189759,5116,3,188920,179273,9647,5,186574,178469,8105,4,124042,140
24029,MD,"Kent County, MD",10568,10015,553,5,10230,9750,480,5,10364,9922,442,4,10477,10057,420,4,10448,10049,399,4,9836,9186,650,7,9609,9085,524,6,64437,73
24031,MD,"Montgomery County, MD",547229,526310,20919,4,544649,526510,18139,3,561370,543489,17881,3,564403,547810,16593,3,575351,559116,16235,3,556465,521828,34637,6,547389,517358,30031,6,115394,130
24033,MD,"Prince George's County, MD",486318,461301,25017,5,499860,478398,21462,4,513992,493342,20650,4,513343,493920,19423,4,522677,503782,18895,4,512497,471489,41008,8,502972,465458,37514,8,85246,96
24035,MD,"Queen Anne's County, MD",26612,25434,1178,4,26567,25564,1003,4,27734,26759,975,4,28244,27369,875,3,28777,27923,854,3,28107,26578,1529,5,27745,26534,1211,4,93427,106
24037,MD,"St. Mary's County, MD",54562,51964,2598,5,54730,52486,2244,4,55828,53692,2136,4,56588,54592,1996,4,58278,56404,1874,3,58492,55673,2819,5,57574,54995,2579,5,105197,119
24039,MD,"Somerset County, MD",9215,8470,745,8,9219,8573,646,7,9399,8778,621,7,9337,8729,608,7,9292,8738,554,6,8726,7989,737,8,8824,8154,670,8,51787,59
24041,MD,"Talbot County, MD",19259,18331,928,5,19517,18727,790,4,19968,19208,760,4,19982,19292,690,4,19608,18959,649,3,17987,16896,1091,6,17647,16718,929,5,69311,78
24043,MD,"Washington County, MD",76634,72415,4219,6,75300,71575,3725,5,76255,72847,3408,5,75763,72678,3085,4,76153,73303,2850,4,73020,68031,4989,7,72458,68574,3884,5,63237,71
24045,MD,"Wicomico County, MD",50182,46839,3343,7,50359,47331,3028,6,51490,48660,2830,6,51587,49045,2542,5,52253,49896,2357,5,49852,46087,3765,8,49998,46932,3066,6,59387,67
24047,MD,"Worcester County, MD",25423,22784,2639,10,25158,22900,2258,9,25709,23592,2117,8,25755,23811,1944,8,26179,24307,1872,7,25367,22436,2931,12,24913,22861,2052,8,62481,71
24510,MD,"Baltimore city, MD",293358,271643,21715,7,289071,270665,18406,6,294349,276896,17453,6,291380,275863,15517,5,292677,278237,14440,5,282207,257578,24629,9,277525,256302,21223,8,51485,58
25001,MA,"Barnstable County, MA",111635,104824,6811,6,111677,106010,5667,5,114296,108844,5452,5,116246,111087,5159,4,115632,110921,4711,4,110468,98545,11923,11,112478,104925,7553,7,76287,87
25003,MA,"Berkshire County, MA",65127,61612,3515,5,64396,61392,3004,5,65428,62468,2960,5,65595,62827,2768,4,64847,62434,2413,4,62370,56266,6104,10,62666,58491,4175,7,65458,75
25005,MA,"Bristol County, MA",289804,272081,17723,6,290690,275900,14790,5,298931,284403,14528,5,304879,291498,13381,4,305047,293056,11991,4,299978,267445,32533,11,299547,279940,19607,7,71998,83
25007,MA,"Dukes County, MA",9463,8845,618,7,9357,8857,500,5,9643,9162,481,5,9795,9331,464,5,9704,9286,418,4,9542,8598,944,10,9640,9010,630,7,80459,92
25009,MA,"Essex County, MA",407766,387425,20341,5,410554,393617,16937,4,421835,405437,16398,4,430237,415008,15229,4,431580,418029,13551,3,424185,380186,43999,10,423777,396759,27018,6,88269,101
25011,MA,"Franklin County, MA",39445,37717,1728,4,39542,38108,1434,4,40680,39288,1392,3,41445,40155,1290,3,41357,40184,1173,3,40222,37042,3180,8,40785,38757,2028,5,62920,72
25013,MA,"Hampden County, MA",222712,208496,14216,6,222228,210141,12087,5,227565,215770,11795,5,231786,220751,11035,5,230948,220973,9975,4,225995,201171,24824,11,227099,209942,17157,8,61600,71
25015,MA,"Hampshire County, MA",87376,83446,3930,5,88079,84767,3312,4,89978,86809,3169,4,91330,88479,2851,3,91601,88994,2607,3,88360,81642,6718,8,89375,85206,4169,5,73864,85
25017,MA,"Middlesex County, MA",863474,829704,33770,4,873570,844884,28686,3,901081,872853,28228,3,924241,898422,25819,3,932660,909939,22721,2,900978,831412,69566,8,906656,864759,41897,5,111158,127
25019,MA,"Nantucket County/town, MA",6972,6597,375,5,7050,6727,323,5,7268,6939,329,5,7600,7255,345,5,7722,7383,339,4,7622,6775,847,11,7733,7138,595,8,95713,110
25021,MA,"Norfolk County, MA",369187,353831,15356,4,372572,359531,13041,4,383071,370046,13025,3,392853,380800,12053,3,398627,388029,10598,3,390023,355614,34409,9,390570,370471,20099,5,106348,122
25023,MA,"Plymouth County, MA",267990,254463,13527,5,270543,259120,11423,4,277824,266641,11183,4,284693,274377,10316,4,288870,279665,9205,3,283634,255314,28320,10,283684,266284,17400,6,88420,101
25025,MA,"Suffolk County, MA",420939,402435,18504,4,427208,411526,15682,4,444526,429084,15442,4,457696,443490,14206,3,462128,449409,12719,3,456198,409219,46979,10,453174,426176,26998,6,85221,98
25027,MA,"Worcester County, MA",427517,405817,21700,5,430035,411749,18286,4,442393,424645,17748,4,451479,434968,16511,4,451227,436248,14979,3,442111,401024,41087,9,443682,417617,26065,6,77931,89
26001,MI,"Alcona County, MI",3826,3515,311,8,3839,3543,296,8,3840,3569,271,7,3816,3564,252,7,3893,3643,250,6,3841,3440,401,10,3725,3462,263,7,45573,74
26003,MI,"Alger County, MI",3246,2966,280,9,3274,3002,272,8,3291,3021,270,8,3215,2959,256,8,3190,2937,253,8,3120,2768,352,11,3089,2841,248,8,51126,83
26005,MI,"Allegan County, MI",60755,58207,2548,4,61447,59033,2414,4,61238,58962,2276,4,62032,59982,2050,3,62488,60494,1994,3,61980,57267,4713,8,60557,57735,2822,5,63732,104
26007,MI,"Alpena County, MI",13686,12820,866,6,13689,12867,822,6,13615,12846,769,6,13359,12670,689,5,13206,12568,638,5,13211,12143,1068,8,13183,12458,725,6,40442,66
26009,MI,"Antrim County, MI",10041,9282,759,8,10098,9378,720,7,10074,9421,653,7,10074,9500,574,6,10314,9773,541,5,10112,9081,1031,10,9865,9172,693,7,58738,96
26011,MI,"Arenac County, MI",6259,5691,568,9,6140,5627,513,8,6023,5543,480,8,5976,5550,426,7,6057,5652,405,7,5943,5243,700,12,5709,5234,475,8,50286,82
26013,MI,"Baraga County, MI",3314,3008,306,9,3230,2962,268,8,3179,2936,243,8,3162,2967,195,6,3212,3005,207,6,3147,2759,388,12,3006,2769,237,8,48846,80
26015,MI,"Barry County, MI",30360,29042,1318,4,30829,29584,1245,4,31291,30077,1214,4,31690,30599,1091,3,31875,30822,1053,3,31394,28982,2412,8,30851,29443,1408,5,68693,112
26017,MI,"Bay County, MI",52464,49397,3067,6,52039,49168,2871,6,50944,48167,2777,6,50422,47988,2434,5,50195,47819,2376,5,49355,44622,4733,10,47921,45003,2918,6,55860,91
26019,MI,"Benzie County, MI",8719,8103,616,7,8864,8276,588,7,8842,8276,566,6,8795,8307,488,6,8839,8381,458,5,8660,7812,848,10,8453,7949,504,6,64526,105
26021,MI,"Berrien County, MI",73748,69862,3886,5,74004,70297,3707,5,74069,70539,3530,5,73369,70190,3179,4,73989,70966,3023,4,72419,65825,6594,9,69898,65843,4055,6,56346,92
26023,MI,"Branch County, MI",19238,18243,995,5,19157,18224,933,5,19246,18371,875,5,19351,18626,725,4,19394,18621,773,4,19662,18014,1648,8,19085,18140,945,5,51757,84
26025,MI,"Calhoun County, MI",64461,61137,3324,5,64585,61453,3132,5,63963,60884,3079,5,63142,60463,2679,4,62522,59910,2612,4,61755,55530,6225,10,59357,55459,3898,7,52310,85
26027,MI,"Cass County, MI",24132,22898,1234,5,24412,23254,1158,5,24299,23198,1101,5,24475,23470,1005,4,24781,23711,1070,4,24347,22107,2240,9,23154,21980,1174,5,61180,100
26029,MI,"Charlevoix County, MI",13111,12311,800,6,13093,12362,731,6,13075,12356,719,6,13124,12493,631,5,12903,12292,611,5,12505,11224,1281,10,12219,11484,735,6,66728,109
26031,MI,"Cheboygan County, MI",10742,9750,992,9,10851,9821,1030,10,10808,9739,1069,10,10721,9728,993,9,10527,9596,931,9,10315,8770,1545,15,9941,9113,828,8,50788,83
26033,MI,"Chippewa County, MI",16776,15455,1321,8,16438,15165,1273,8,16352,15115,1237,8,16256,15168,1088,7,16112,15082,1030,6,15905,14400,1505,10,15786,14754,1032,7,52579,86
26035,MI,"Clare County, MI",11841,10912,929,8,11991,11106,885,7,11957,11136,821,7,11824,11096,728,6,11809,11078,731,6,11700,10288,1412,12,11148,10251,897,8,43726,71
26037,MI,"Clinton County, MI",39927,38344,1583,4,40607,39093,1514,4,40979,39511,1468,4,41157,39835,1322,3,41318,40055,1263,3,40183,37457,2726,7,38904,37179,1725,4,76367,125
26039,MI,"Crawford County, MI",5301,4880,421,8,5383,4972,411,8,5417,5046,371,7,5544,5210,334,6,5597,5277,320,6,5589,4975,614,11,5359,4981,378,7,49625,81
26041,MI,"Delta County, MI",17327,16136,1191,7,17169,16033,1136,7,17050,15994,1056,6,17050,16137,913,5,17146,16232,914,5,16819,15280,1539,9,16243,15244,999,6,49414,81
26043,MI,"Dickinson County, MI",12665,11941,724,6,12539,11882,657,5,12549,11966,583,5,12540,12058,482,4,12280,11750,530,4,12116,11218,898,7,12132,11552,580,5,59408,97
26045,MI,"Eaton County, MI",56123,53607,2516,5,57051,54670,2381,4,57267,54956,2311,4,57269,55258,2011,4,57519,55526,1993,4,56087,51632,4455,8,54084,51211,2873,5,67658,110
26047,MI,"Emmet County, MI",17725,16431,1294,7,17649,16489,1160,7,17648,16515,1133,6,17714,16665,1049,6,17730,16754,976,6,17159,15304,1855,11,16348,15305,1043,6,60401,98
26049,MI,"Genesee County, MI",180129,168867,11262,6,180586,170150,10436,6,180563,170419,10144,6,180835,171833,9002,5,181449,172270,9179,5,179481,158667,20814,12,174492,161241,13251,8,48721,79
26051,MI,"Gladwin County, MI",10029,9290,739,7,9915,9216,699,7,9887,9253,634,6,9920,9357,563,6,9918,9341,577,6,9827,8827,1000,10,9595,8918,677,7,48694,79
26053,MI,"Gogebic County, MI",6528,6044,484,7,6354,5961,393,6,6314,5943,371,6,6203,5886,317,5,6008,5698,310,5,5812,5341,471,8,5582,5273,309,6,48975,80
26055,MI,"Grand Traverse County, MI",48682,46381,2301,5,49515,47371,2144,4,49333,47294,2039,4,49245,47408,1837,4,49789,48031,1758,4,48991,44732,4259,9,47928,45518,2410,5,67290,110
26057,MI,"Gratiot County, MI",18382,17325,1057,6,18220,17266,954,5,17851,16894,957,5,17819,16984,835,5,18053,17250,803,4,17788,16310,1478,8,17041,16094,947,6,54161,88
26059,MI,"Hillsdale County, MI",21129,20005,1124,5,21233,20150,1083,5,20925,19914,1011,5,20598,19760,838,4,20513,19641,872,4,20084,18199,1885,9,19704,18630,1074,6,54974,90
26061,MI,"Houghton County, MI",16648,15577,1071,6,16612,15585,1027,6,16465,15502,963,6,16179,15348,831,5,16252,15452,800,5,15880,14664,1216,8,15678,14888,790,5,47399,77
26063,MI,"Huron County, MI",16444,15546,898,6,16042,15204,838,5,15609,14815,794,5,15468,14747,721,5,15436,14744,692,5,15414,14048,1366,9,14854,14058,796,5,53616,87
26065,MI,"Ingham County, MI",146506,139586,6920,5,149317,142853,6464,4,151233,144847,6386,4,151380,145837,5543,4,151232,145801,5431,4,146305,134870,11435,8,141678,133763,7915,6,62711,102
26067,MI,"Ionia County, MI",29496,28131,1365,5,29735,28468,1267,4,29839,28675,1164,4,29961,28917,1044,4,30374,29319,1055,4,30119,27633,2486,8,29513,28105,1408,5,58371,95
26069,MI,"Iosco County, MI",10147,9373,774,8,10141,9395,746,7,10131,9396,735,7,10085,9439,646,6,10195,9576,619,6,10107,8999,1108,11,9819,9110,709,7,43450,71
26071,MI,"Iron County, MI",5233,4859,374,7,5233,4891,342,7,5164,4838,326,6,5141,4852,289,6,5122,4834,288,6,4928,4505,423,9,4742,4454,288,6,45098,74
26073,MI,"Isabella County, MI",35472,33747,1725,5,35448,33768,1680,5,35170,33620,1550,4,34905,33546,1359,4,34727,33383,1344,4,32957,30089,2868,9,31774,30098,1676,5,53607,87
26075,MI,"Jackson County, MI",73385,69458,3927,5,74612,70963,3649,5,74366,70984,3382,5,74579,71622,2957,4,74630,71790,2840,4,74332,67413,6919,9,71993,67863,4130,6,57267,93
26077,MI,"Kalamazoo County, MI",129756,124041,5715,4,132365,126947,5418,4,132832,127572,5260,4,133827,129212,4615,3,134120,129625,4495,3,131685,121713,9972,8,128630,122189,6441,5,63279,103
26079,MI,"Kalkaska County, MI",7666,7070,596,8,7743,7182,561,7,7883,7345,538,7,7841,7376,465,6,7983,7525,458,6,7865,6955,910,12,7632,7078,554,7,52903,86
26081,MI,"Kent County, MI",344072,330959,13113,4,351257,338786,12471,4,355685,343580,12105,3,360213,349395,10818,3,361705,351070,10635,3,355726,327484,28242,8,349167,332738,16429,5,65012,106
26083,MI,"Keweenaw County, MI",944,856,88,9,944,862,82,9,901,823,78,9,882,820,62,7,902,840,62,7,895,812,83,9,883,824,59,7,49890,81
26085,MI,"Lake County, MI",3698,3377,321,9,3764,3479,285,8,3727,3427,300,8,3638,3388,250,7,3775,3533,242,6,3954,3509,445,11,3843,3527,316,8,39971,65
26087,MI,"Lapeer County, MI",39587,36768,2819,7,40678,38080,2598,6,41429,39141,2288,6,41531,39360,2171,5,41874,39637,2237,5,40521,35571,4950,12,40133,37704,2429,6,68959,112
26089,MI,"Leelanau County, MI",10634,10068,566,5,10603,10083,520,5,10502,10005,497,5,10430,9982,448,4,10471,10071,400,4,10207,9362,845,8,10047,9524,523,5,77687,127
26091,MI,"Lenawee County, MI",47701,45280,2421,5,47487,45278,2209,5,47139,44951,2188,5,46891,44971,1920,4,46448,44613,1835,4,45546,41328,4218,9,44522,42093,2429,6,58849,96
26093,MI,"Livingston County, MI",96123,91736,4387,5,99935,95886,4049,4,102925,99425,3500,3,104525,101074,3451,3,106042,102606,3436,3,100793,92104,8689,9,101855,97621,4234,4,87686,143
26095,MI,"Luce County, MI",2472,2297,175,7,2409,2245,164,7,2412,2250,162,7,2382,2232,150,6,2270,2124,146,6,2224,2022,202,9,2119,1969,150,7,48764,80
26097,MI,"Mackinac County, MI",5151,4644,507,10,5208,4689,519,10,5197,4678,519,10,5208,4710,498,10,5199,4713,486,9,4932,4248,684,14,4785,4375,410,9,48480,79
26099,MI,"Macomb County, MI",420070,396168,23902,6,435441,412956,22485,5,447838,428149,19689,4,451838,433446,18392,4,456825,437744,19081,4,442237,390268,51969,12,439812,413707,26105,6,64870,106
26101,MI,"Manistee County, MI",10458,9754,704,7,10565,9866,699,7,10422,9753,669,6,10356,9751,605,6,10420,9835,585,6,10162,9012,1150,11,9744,9034,710,7,53488,87
26103,MI,"Marquette County, MI",33546,31507,2039,6,33412,31489,1923,6,32908,31097,1811,6,32538,30932,1606,5,32496,30887,1609,5,31639,28905,2734,9,30639,28995,1644,5,52793,86
26105,MI,"Mason County, MI",14485,13589,896,6,14316,13476,840,6,14036,13239,797,6,13793,13113,680,5,13658,12975,683,5,13270,11986,1284,10,13009,12171,838,6,52571,86
26107,MI,"Mecosta County, MI",19235,18036,1199,6,19160,18071,1089,6,18798,17740,1058,6,18497,17566,931,5,18440,17566,874,5,18300,16555,1745,10,17735,16605,1130,6,52949,86
26109,MI,"Menominee County, MI",11583,10951,632,6,11281,10693,588,5,11001,10475,526,5,11006,10557,449,4,11011,10561,450,4,10633,9917,716,7,10438,9966,472,5,53031,86
26111,MI,"Midland County, MI",41628,39575,2053,5,41136,39179,1957,5,40546,38697,1849,5,40728,39099,1629,4,40181,38644,1537,4,39208,36115,3093,8,38276,36396,1880,5,65249,106
26113,MI,"Missaukee County, MI",7021,6557,464,7,7045,6622,423,6,6920,6521,399,6,6882,6527,355,5,6938,6600,338,5,6898,6241,657,10,6800,6421,379,6,51030,83
26115,MI,"Monroe County, MI",76585,73051,3534,5,76614,73276,3338,4,76087,72521,3566,5,76040,72832,3208,4,75772,72770,3002,4,74146,67313,6833,9,72149,67809,4340,6,69182,113
26117,MI,"Montcalm County, MI",27820,26205,1615,6,28000,26501,1499,5,28167,26778,1389,5,28362,27145,1217,4,28328,27151,1177,4,27803,25157,2646,10,27073,25561,1512,6,52589,86
26119,MI,"Montmorency County, MI",3083,2772,311,10,3069,2755,314,10,3058,2743,315,10,3020,2754,266,9,2998,2743,255,9,3010,2596,414,14,2936,2661,275,9,43350,71
26121,MI,"Muskegon County, MI",77683,73101,4582,6,77659,73383,4276,6,77895,73815,4080,5,78109,74516,3593,5,77300,73939,3361,4,77415,68203,9212,12,75304,69663,5641,8,58445,95
26123,MI,"Newaygo County, MI",23190,21906,1284,6,23394,22239,1155,5,23290,22159,1131,5,23213,22190,1023,4,23430,22423,1007,4,23274,21172,2102,9,22817,21533,1284,6,51122,83
26125,MI,"Oakland County, MI",630756,601330,29426,5,652450,625608,26842,4,673030,649306,23724,4,682269,659290,22979,3,688661,665495,23166,3,653339,593872,59467,9,660330,629457,30873,5,82849,135
26127,MI,"Oceana County, MI",12552,11536,1016,8,12360,11446,914,7,12220,11366,854,7,12048,11291,757,6,12075,11342,733,6,11998,10695,1303,11,11581,10721,860,7,52388,85
26129,MI,"Ogemaw County, MI",8450,7777,673,8,8262,7612,650,8,8177,7559,618,8,8218,7646,572,7,8048,7502,546,7,8048,7129,919,11,7874,7256,618,8,46144,75
26131,MI,"Ontonagon County, MI",2306,2087,219,10,2209,2019,190,9,2166,1978,188,9,2099,1934,165,8,2085,1940,145,7,2043,1822,221,11,2012,1859,153,8,43309,71
26133,MI,"Osceola County, MI",10210,9537,673,7,10462,9859,603,6,10629,10004,625,6,10903,10416,487,5,11266,10802,464,4,11509,10513,996,9,11277,10653,624,6,51474,84
26135,MI,"Oscoda County, MI",2926,2669,257,9,2915,2700,215,7,2913,2702,211,7,2952,2761,191,7,2993,2779,214,7,2796,2434,362,13,2630,2391,239,9,43683,71
26137,MI,"Otsego County, MI",11464,10751,713,6,11721,11017,704,6,11660,10970,690,6,11612,10997,615,5,11633,11045,588,5,11602,10364,1238,11,11351,10579,772,7,61330,100
26139,MI,"Ottawa County, MI",153110,147476,5634,4,155788,150491,5297,3,158161,153056,5105,3,161039,156454,4585,3,161861,157317,4544,3,159280,147975,11305,7,156739,150355,6384,4,77465,126
26141,MI,"Presque Isle County, MI",5387,4831,556,10,5304,4792,512,10,5171,4698,473,9,5046,4641,405,8,4952,4573,379,8,4939,4364,575,12,4796,4417,379,8,49713,81
26143,MI,"Roscommon County, MI",7849,7131,718,9,7894,7219,675,9,7837,7155,682,9,7862,7245,617,8,7776,7185,591,8,7740,6752,988,13,7388,6679,709,10,43551,71
26145,MI,"Saginaw County, MI",88751,83622,5129,6,88762,83977,4785,5,87718,83062,4656,5,87179,83005,4174,5,86847,82632,4215,5,84423,75670,8753,10,81321,75566,5755,7,51893,85
26147,MI,"St. Clair County, MI",72569,67674,4895,7,74615,70103,4512,6,76071,72179,3892,5,76430,72759,3671,5,77195,73476,3719,5,74653,65913,8740,12,74255,69862,4393,6,59138,96
26149,MI,"St. Joseph County, MI",29179,27848,1331,5,29200,27985,1215,4,28734,27542,1192,4,28343,27278,1065,4,28195,26978,1217,4,28988,26261,2727,9,27776,26354,1422,5,54896,90
26151,MI,"Sanilac County, MI",19601,18310,1291,7,19470,18247,1223,6,19305,18187,1118,6,19248,18247,1001,5,19578,18633,945,5,19398,17443,1955,10,18923,17768,1155,6,51171,83
26153,MI,"Schoolcraft County, MI",3477,3096,381,11,3399,3087,312,9,3360,3084,276,8,3371,3128,243,7,3304,3067,237,7,3238,2909,329,10,3128,2877,251,8,49684,81
26155,MI,"Shiawassee County, MI",33167,31263,1904,6,33510,31723,1787,5,33374,31679,1695,5,33244,31799,1445,4,33464,32011,1453,4,32699,29589,3110,10,31704,29908,1796,6,59733,97
26157,MI,"Tuscola County, MI",24606,22933,1673,7,24253,22711,1542,6,23934,22467,1467,6,23775,22465,1310,6,23912,22674,1238,5,23597,21121,2476,11,22658,21236,1422,6,51940,85
26159,MI,"Van Buren County, MI",35409,33157,2252,6,35566,33502,2064,6,35298,33319,1979,6,35136,33401,1735,5,35353,33716,1637,5,34675,31642,3033,9,33843,31794,2049,6,56526,92
26161,MI,"Washtenaw County, MI",189301,182177,7124,4,192000,184914,7086,4,194316,187585,6731,4,196277,190241,6036,3,198915,193127,5788,3,193121,180109,13012,7,189511,181350,8161,4,77019,126
26163,MI,"Wayne County, MI",756308,704576,51732,7,778939,730549,48390,6,800940,756569,44371,6,808388,766155,42233,5,817145,776312,40833,5,801382,693025,108357,14,797703,734140,63563,8,51777,84
26165,MI,"Wexford County, MI",14648,13647,1001,7,14741,13868,873,6,14778,13966,812,6,14739,14043,696,5,14862,14179,683,5,14866,13293,1573,11,14561,13694,867,6,56550,92
27001,MN,"Aitkin County, MN",6893,6432,461,7,7024,6531,493,7,7210,6757,453,6,7230,6797,433,6,7375,6892,483,7,7521,6889,632,8,7244,6904,340,5,49822,66
27003,MN,"Anoka County, MN",190298,183267,7031,4,191787,184641,7146,4,196203,189568,6635,3,197594,191702,5892,3,201114,194536,6578,3,201039,187963,13076,7,195027,188434,6593,3,84779,112
27005,MN,"Becker County, MN",18445,17621,824,5,18547,17699,848,5,18650,17864,786,4,18699,17986,713,4,19008,18211,797,4,19037,17812,1225,6,18683,18057,626,3,60159,80
27007,MN,"Beltrami County, MN",23565,22384,1181,5,23662,22427,1235,5,23766,22597,1169,5,24284,23218,1066,4,24670,23551,1119,5,25012,23386,1626,7,23933,23050,883,4,58138,77
27009,MN,"Benton County, MN",21644,20662,982,5,21764,20803,961,4,21836,20943,893,4,21945,21127,818,4,22214,21293,921,4,22187,20675,1512,7,21312,20405,907,4,70143,93
27011,MN,"Big Stone County, MN",2689,2567,122,5,2702,2572,130,5,2582,2467,115,5,2514,2412,102,4,2515,2404,111,4,2556,2430,126,5,2395,2312,83,4,54796,73
27013,MN,"Blue Earth County, MN",39466,38277,1189,3,39595,38325,1270,3,40207,39023,1184,3,40480,39389,1091,3,41079,39868,1211,3,40820,38576,2244,6,39179,37981,1198,3,67193,89
27015,MN,"Brown County, MN",14655,14043,612,4,14512,13904,608,4,14446,13905,541,4,14546,14023,523,4,14534,13976,558,4,14303,13543,760,5,13430,13014,416,3,61978,82
27017,MN,"Carlton County, MN",17617,16732,885,5,17731,16791,940,5,17776,16925,851,5,17923,17136,787,4,18104,17246,858,5,17824,16497,1327,7,17106,16421,685,4,67695,90
27019,MN,"Carver County, MN",55301,53510,1791,3,56292,54436,1856,3,57678,55976,1702,3,58539,56995,1544,3,59957,58192,1765,3,59781,56622,3159,5,58187,56606,1581,3,107932,143
27021,MN,"Cass County, MN",14073,13112,961,7,14150,13183,967,7,14417,13550,867,6,14370,13579,791,6,14590,13735,855,6,14551,13194,1357,9,15598,14909,689,4,52271,69
27023,MN,"Chippewa County, MN",6963,6651,312,5,6963,6648,315,5,6957,6678,279,4,6913,6677,236,3,6975,6687,288,4,6802,6443,359,5,6462,6271,191,3,63406,84
27025,MN,"Chisago County, MN",28805,27577,1228,4,29128,27869,1259,4,29617,28431,1186,4,29938,28863,1075,4,30603,29380,1223,4,30383,28317,2066,7,29423,28335,1088,4,85178,113
27027,MN,"Clay County, MN",35623,34494,1129,3,35591,34368,1223,3,35826,34662,1164,3,35816,34714,1102,3,36506,35325,1181,3,36616,34987,1629,4,36092,35108,984,3,74266,98
27029,MN,"Clearwater County, MN",4644,4214,430,9,4713,4260,453,10,4625,4215,410,9,4499,4111,388,9,4531,4136,395,9,4562,4101,461,10,4409,4153,256,6,51147,68
27031,MN,"Cook County, MN",3162,3020,142,5,3093,2952,141,5,3122,3001,121,4,3059,2947,112,4,3156,3012,144,5,3009,2753,256,9,2867,2738,129,5,58561,78
27033,MN,"Cottonwood County, MN",5804,5521,283,5,5530,5134,396,7,5743,5441,302,5,5833,5610,223,4,5985,5750,235,4,6371,6062,309,5,6409,6193,216,3,53525,71
27035,MN,"Crow Wing County, MN",31582,29920,1662,5,31820,30198,1622,5,32366,30905,1461,5,32332,30967,1365,4,32642,31138,1504,5,32536,30117,2419,7,31834,30555,1279,4,58213,77
27037,MN,"Dakota County, MN",232810,224956,7854,3,234941,226978,7963,3,239126,231802,7324,3,241422,234826,6596,3,245765,238218,7547,3,245146,229690,15456,6,237756,230287,7469,3,90562,120
27039,MN,"Dodge County, MN",11480,11043,437,4,11549,11120,429,4,11753,11353,400,3,11825,11444,381,3,12020,11588,432,4,12122,11451,671,6,11735,11371,364,3,77340,103
27041,MN,"Douglas County, MN",20182,19478,704,4,20218,19513,705,4,20623,19961,662,3,20697,20071,626,3,21276,20560,716,3,21402,20352,1050,5,20894,20304,590,3,69848,93
27043,MN,"Faribault County, MN",7521,7185,336,5,7316,6995,321,4,7173,6870,303,4,7024,6764,260,4,7107,6794,313,4,7157,6704,453,6,6806,6548,258,4,55599,74
27045,MN,"Fillmore County, MN",11432,10956,476,4,11492,11028,464,4,11465,11059,406,4,11534,11150,384,3,11647,11237,410,4,11754,11137,617,5,11282,10949,333,3,66204,88
27047,MN,"Freeborn County, MN",16383,15751,632,4,16276,15654,622,4,16220,15622,598,4,16100,15549,551,3,16279,15683,596,4,16311,15365,946,6,15344,14811,533,4,62233,82
27049,MN,"Goodhue County, MN",26942,25974,968,4,26830,25833,997,4,26970,26092,878,3,26900,26107,793,3,27294,26406,888,3,26889,25281,1608,6,26010,25176,834,3,73474,97
27051,MN,"Grant County, MN",3355,3194,161,5,3285,3131,154,5,3296,3160,136,4,3315,3174,141,4,3350,3192,158,5,3365,3180,185,6,3210,3092,118,4,66740,88
27053,MN,"Hennepin County, MN",678387,655614,22773,3,685106,662298,22808,3,701697,680190,21507,3,706043,687099,18944,3,715907,694727,21180,3,715240,667542,47698,7,693393,669687,23706,3,81772,108
27055,MN,"Houston County, MN",10509,10100,409,4,10593,10179,414,4,10504,10140,364,4,10441,10120,321,3,10506,10148,358,3,10416,9952,464,5,10158,9868,290,3,61117,81
27057,MN,"Hubbard County, MN",9583,8984,599,6,9790,9154,636,7,9868,9309,559,6,9931,9403,528,5,10109,9530,579,6,10068,9335,733,7,9978,9571,407,4,62750,83
27059,MN,"Isanti County, MN",20248,19358,890,4,20661,19697,964,5,21097,20179,918,4,21309,20460,849,4,21843,20908,935,4,21987,20462,1525,7,21344,20476,868,4,73401,97
27061,MN,"Itasca County, MN",22367,20884,1483,7,22014,20132,1882,9,21850,20312,1538,7,21921,20653,1268,6,22223,20823,1400,6,22295,20337,1958,9,21147,20154,993,5,59365,79
27063,MN,"Jackson County, MN",6303,6043,260,4,6094,5819,275,5,5782,5570,212,4,5739,5560,179,3,5774,5563,211,4,5832,5519,313,5,5402,5232,170,3,62766,83
27065,MN,"Kanabec County, MN",8861,8266,595,7,8987,8402,585,7,9077,8519,558,6,8996,8471,525,6,9185,8613,572,6,9178,8412,766,8,8885,8415,470,5,62422,83
27067,MN,"Kandiyohi County, MN",24118,23198,920,4,24175,23256,919,4,24946,24126,820,3,24842,24060,782,3,24580,23661,919,4,24779,23547,1232,5,22957,22142,815,4,65344,87
27069,MN,"Kittson County, MN",2479,2362,117,5,2403,2293,110,5,2377,2288,89,4,2345,2272,73,3,2396,2304,92,4,2405,2290,115,5,2223,2159,64,3,51016,68
27071,MN,"Koochiching County, MN",6276,5755,521,8,6159,5636,523,9,6003,5572,431,7,5979,5587,392,7,6059,5652,407,7,5851,5405,446,8,5582,5336,246,4,56870,75
27073,MN,"Lac qui Parle County, MN",3773,3615,158,4,3617,3462,155,4,3539,3416,123,4,3536,3399,137,4,3580,3438,142,4,3536,3361,175,5,3303,3209,94,3,65446,87
27075,MN,"Lake County, MN",5626,5350,276,5,5414,5069,345,6,5531,5316,215,4,5502,5316,186,3,5561,5347,214,4,5363,4967,396,7,5249,5060,189,4,63741,84
27077,MN,"Lake of the Woods County, MN",2429,2318,111,5,2382,2267,115,5,2395,2282,113,5,2411,2313,98,4,2476,2366,110,4,2449,2295,154,6,2362,2275,87,4,57302,76
27079,MN,"Le Sueur County, MN",15577,14811,766,5,15550,14790,760,5,15928,15178,750,5,16157,15445,712,4,16539,15755,784,5,16215,15077,1138,7,15633,14995,638,4,78559,104
27081,MN,"Lincoln County, MN",3399,3278,121,4,3380,3257,123,4,3372,3263,109,3,3274,3169,105,3,3290,3158,132,4,3151,3005,146,5,2957,2858,99,3,57252,76
27083,MN,"Lyon County, MN",15319,14816,503,3,15176,14637,539,4,15034,14549,485,3,14823,14371,452,3,14672,14175,497,3,14667,13999,668,5,13966,13583,383,3,63255,84
27085,MN,"McLeod County, MN",20251,19438,813,4,19765,18893,872,4,19594,18844,750,4,19612,18955,657,3,19547,18778,769,4,19429,18289,1140,6,18763,18118,645,3,76095,101
27087,MN,"Mahnomen County, MN",2413,2270,143,6,2388,2250,138,6,2372,2252,120,5,2336,2221,115,5,2325,2208,117,5,2220,1925,295,13,2141,2014,127,6,48951,65
27089,MN,"Marshall County, MN",5761,5355,406,7,5615,5204,411,7,5503,5118,385,7,5452,5115,337,6,5473,5132,341,6,5489,5115,374,7,5173,4958,215,4,62240,82
27091,MN,"Martin County, MN",10473,10038,435,4,10455,10025,430,4,10459,10094,365,4,10309,9961,348,3,10166,9758,408,4,10099,9546,553,6,9468,9164,304,3,58578,78
27093,MN,"Meeker County, MN",13373,12800,573,4,13254,12659,595,5,13303,12760,543,4,13223,12731,492,4,13499,12945,554,4,13372,12642,730,6,12907,12470,437,3,66861,89
27095,MN,"Mille Lacs County, MN",12650,11901,749,6,12717,11958,759,6,12789,12071,718,6,12908,12244,664,5,13139,12385,754,6,12969,11833,1136,9,12462,11820,642,5,55547,74
27097,MN,"Morrison County, MN",17845,16861,984,6,17856,16853,1003,6,17748,16795,953,5,17639,16756,883,5,17784,16803,981,6,18043,16780,1263,7,17149,16388,761,4,62618,83
27099,MN,"Mower County, MN",20407,19738,669,3,20506,19858,648,3,20653,20065,588,3,20477,19882,595,3,20634,19971,663,3,20956,19879,1077,5,20169,19538,631,3,61565,82
27101,MN,"Murray County, MN",5075,4846,229,5,4953,4719,234,5,4907,4689,218,4,4902,4707,195,4,4902,4679,223,5,4881,4624,257,5,4599,4424,175,4,63414,84
27103,MN,"Nicollet County, MN",20349,19801,548,3,20343,19767,576,3,20707,20177,530,3,20871,20376,495,2,21161,20589,572,3,20944,19912,1032,5,20123,19567,556,3,75827,100
27105,MN,"Nobles County, MN",11552,11174,378,3,11450,11018,432,4,11392,11027,365,3,11340,11023,317,3,11336,10977,359,3,11665,11159,506,4,11076,10760,316,3,63011,84
27107,MN,"Norman County, MN",3450,3286,164,5,3439,3275,164,5,3412,3250,162,5,3376,3220,156,5,3291,3123,168,5,3330,3113,217,7,3154,3030,124,4,50573,67
27109,MN,"Olmsted County, MN",84080,81573,2507,3,85163,82628,2535,3,87102,84728,2374,3,88123,85948,2175,3,90117,87653,2464,3,91855,86794,5061,6,89697,87173,2524,3,82683,110
27111,MN,"Otter Tail County, MN",31194,29856,1338,4,31275,29913,1362,4,31683,30413,1270,4,31510,30295,1215,4,31773,30364,1409,4,31735,29957,1778,6,30602,29566,1036,3,67329,89
27113,MN,"Pennington County, MN",9102,8626,476,5,9039,8518,521,6,8837,8333,504,6,8812,8419,393,5,8810,8384,426,5,8732,8175,557,6,8527,8211,316,4,64240,85
27115,MN,"Pine County, MN",14825,13983,842,6,14830,13963,867,6,15058,14191,867,6,14952,14176,776,5,15242,14351,891,6,14689,13379,1310,9,13970,13277,693,5,58733,78
27117,MN,"Pipestone County, MN",4988,4818,170,3,4899,4712,187,4,4880,4716,164,3,4952,4800,152,3,4968,4784,184,4,4711,4513,198,4,4444,4317,127,3,58662,78
27119,MN,"Polk County, MN",17208,16466,742,4,17136,16392,744,4,17072,16348,724,4,16781,16119,662,4,16881,16172,709,4,16390,15434,956,6,15699,15100,599,4,60068,80
27121,MN,"Pope County, MN",6403,6176,227,4,6299,6075,224,4,6388,6190,198,3,6438,6258,180,3,6597,6378,219,3,6582,6280,302,5,6285,6109,176,3,64306,85
27123,MN,"Ramsey County, MN",280242,270141,10101,4,282227,272058,10169,4,288172,278748,9424,3,289445,281073,8372,3,292145,282808,9337,3,290469,269924,20545,7,281343,270690,10653,4,66123,88
27125,MN,"Red Lake County, MN",2336,2196,140,6,2289,2121,168,7,2262,2111,151,7,2240,2117,123,6,2252,2127,125,6,2244,2094,150,7,2150,2065,85,4,68683,91
27127,MN,"Redwood County, MN",8288,7957,331,4,8315,7974,341,4,7712,7394,318,4,7648,7355,293,4,7690,7388,302,4,7811,7369,442,6,7379,7128,251,3,61316,81
27129,MN,"Renville County, MN",8615,8192,423,5,8411,7969,442,5,8920,8522,398,5,8759,8389,370,4,8735,8315,420,5,8540,8034,506,6,8153,7838,315,4,56296,75
27131,MN,"Rice County, MN",35507,34222,1285,4,36083,34818,1265,4,36695,35518,1177,3,37070,35969,1101,3,37620,36375,1245,3,37521,35481,2040,5,36354,35190,1164,3,74301,98
27133,MN,"Rock County, MN",5920,5792,128,2,5907,5770,137,2,5899,5774,125,2,5720,5579,141,3,5705,5566,139,2,5864,5679,185,3,5801,5691,110,2,64588,86
27135,MN,"Roseau County, MN",8623,8273,350,4,8244,7822,422,5,8178,7776,402,5,7928,7643,285,4,7928,7601,327,4,7974,7504,470,6,7748,7521,227,3,61775,82
27137,MN,"St. Louis County, MN",102211,97018,5193,5,102556,96688,5868,6,103006,98204,4802,5,102435,98376,4059,4,102951,98568,4383,4,101666,94186,7480,7,97613,93880,3733,4,57972,77
27139,MN,"Scott County, MN",79335,76799,2536,3,80660,78068,2592,3,82507,80090,2417,3,83529,81289,2240,3,85170,82678,2492,3,85225,80122,5103,6,82810,80313,2497,3,99924,132
27141,MN,"Sherburne County, MN",49591,47561,2030,4,50664,48603,2061,4,51597,49655,1942,4,52406,50640,1766,3,53575,51580,1995,4,53570,50229,3341,6,52101,50294,1807,4,92673,123
27143,MN,"Sibley County, MN",8530,8169,361,4,8488,8125,363,4,8451,8145,306,4,8548,8259,289,3,8576,8225,351,4,8351,7869,482,6,7965,7677,288,4,61225,81
27145,MN,"Stearns County, MN",88340,85079,3261,4,88889,85541,3348,4,90470,87377,3093,3,90469,87616,2853,3,91669,88564,3105,3,91724,86347,5377,6,88222,85060,3162,4,66317,88
27147,MN,"Steele County, MN",21251,20526,725,3,21176,20422,754,4,20627,19925,702,3,20560,19907,653,3,21386,20666,720,3,20658,19505,1153,6,19944,19294,650,3,70532,93
27149,MN,"Stevens County, MN",5721,5557,164,3,5647,5478,169,3,5531,5383,148,3,5467,5328,139,3,5504,5347,157,3,5466,5283,183,3,5182,5060,122,2,68234,90
27151,MN,"Swift County, MN",5186,4867,319,6,5045,4773,272,5,5072,4862,210,4,5039,4843,196,4,4957,4727,230,5,4906,4612,294,6,4640,4470,170,4,59165,78
27153,MN,"Todd County, MN",13040,12457,583,5,12900,12292,608,5,13561,13021,540,4,13548,12982,566,4,13705,13064,641,5,13875,13110,765,6,13158,12672,486,4,52842,70
27155,MN,"Traverse County, MN",1840,1762,78,4,1705,1639,66,4,1780,1716,64,4,1784,1722,62,4,1784,1715,69,4,1765,1684,81,5,1632,1582,50,3,56085,74
27157,MN,"Wabasha County, MN",12021,11557,464,4,12007,11564,443,4,12218,11806,412,3,12269,11880,389,3,12399,11958,441,4,12506,11820,686,6,12017,11656,361,3,74348,99
27159,MN,"Wadena County, MN",6346,5963,383,6,6246,5875,371,6,5859,5530,329,6,5944,5612,332,6,6010,5616,394,7,6054,5571,483,8,5854,5593,261,5,46968,62
27161,MN,"Waseca County, MN",9776,9363,413,4,9461,9055,406,4,9338,8972,366,4,9020,8628,392,4,9135,8760,375,4,9189,8599,590,6,8665,8323,342,4,66523,88
27163,MN,"Washington County, MN",137465,133023,4442,3,138733,134104,4629,3,141557,137267,4290,3,143247,139391,3856,3,146365,141973,4392,3,145942,137581,8361,6,141988,137850,4138,3,101409,134
27165,MN,"Watonwan County, MN",6268,5968,300,5,6573,6253,320,5,6530,6245,285,4,6553,6311,242,4,6584,6301,283,4,6697,6376,321,5,6396,6204,192,3,60656,80
27167,MN,"Wilkin County, MN",3698,3573,125,3,3718,3597,121,3,3568,3456,112,3,3538,3424,114,3,3551,3424,127,4,3485,3337,148,4,3323,3230,93,3,65769,87
27169,MN,"Winona County, MN",29540,28539,1001,3,29250,28213,1037,4,29101,28187,914,3,28827,28016,811,3,28920,28033,887,3,28410,26971,1439,5,27272,26494,778,3,65302,87
27171,MN,"Wright County, MN",72151,69443,2708,4,73060,70243,2817,4,74512,71863,2649,4,75674,73266,2408,3,77480,74807,2673,3,77159,72766,4393,6,75116,72797,2319,3,85855,114
27173,MN,"Yellow Medicine County, MN",5589,5379,210,4,5475,5265,210,4,5376,5188,188,4,5371,5199,172,3,5415,5196,219,4,5335,5084,251,5,4961,4813,148,3,62290,83
28001,MS,"Adams County, MS",11380,10461,919,8,11207,10261,946,8,11207,10368,839,8,11221,10494,727,7,11145,10353,792,7,10429,9310,1119,11,10634,9762,872,8,36519,77
28003,MS,"Alcorn County, MS",15671,14777,894,6,15747,14911,836,5,15998,15271,727,5,16092,15407,685,4,16165,15399,766,5,15117,14189,928,6,15128,14407,721,5,46368,98
28005,MS,"Amite County, MS",4501,4156,345,8,4489,4153,336,8,4454,4144,310,7,4381,4103,278,6,4438,4129,309,7,4375,4016,359,8,4398,4079,319,7,42649,90
28007,MS,"Attala County, MS",6964,6427,537,8,6984,6506,478,7,6945,6514,431,6,6952,6550,402,6,7020,6578,442,6,6840,6280,560,8,6882,6469,413,6,40985,87
28009,MS,"Benton County, MS",2976,2735,241,8,3034,2826,208,7,3028,2854,174,6,3027,2853,174,6,3054,2864,190,6,2991,2748,243,8,3041,2846,195,6,38972,82
28011,MS,"Bolivar County, MS",13351,12288,1063,8,13346,12360,986,7,12871,12023,848,7,12384,11609,775,6,11945,11100,845,7,11350,10386,964,9,11364,10578,786,7,36034,76
28013,MS,"Calhoun County, MS",6120,5737,383,6,6156,5819,337,6,5618,5348,270,5,5555,5289,266,5,5581,5268,313,6,5514,5077,437,8,5422,5138,284,5,42107,89
28015,MS,"Carroll County, MS",3451,3164,287,8,3549,3286,263,7,3526,3315,211,6,3443,3243,200,6,3530,3311,219,6,3391,3134,257,8,3471,3269,202,6,46814,99
28017,MS,"Chickasaw County, MS",7130,6575,555,8,7062,6588,474,7,7052,6673,379,5,7002,6642,360,5,6926,6531,395,6,6867,6140,727,11,6870,6437,433,6,40471,85
28019,MS,"Choctaw County, MS",3700,3465,235,6,3710,3496,214,6,3610,3425,185,5,3708,3521,187,5,3706,3500,206,6,3545,3324,221,6,3565,3394,171,5,43449,92
28021,MS,"Claiborne County, MS",3112,2716,396,13,3082,2725,357,12,3021,2718,303,10,3015,2731,284,9,3095,2766,329,11,3062,2630,432,14,2980,2632,348,12,34551,73
28023,MS,"Clarke County, MS",6060,5577,483,8,6049,5631,418,7,6146,5766,380,6,5944,5605,339,6,5954,5583,371,6,5701,5230,471,8,5669,5313,356,6,38314,81
28025,MS,"Clay County, MS",7997,7221,776,10,7988,7326,662,8,7722,7184,538,7,7686,7207,479,6,7849,7264,585,8,7817,6925,892,11,8027,7453,574,7,36536,77
28027,MS,"Coahoma County, MS",9427,8466,961,10,9181,8368,813,9,8604,7947,657,8,8378,7774,604,7,8330,7691,639,8,8262,7255,1007,12,8022,7316,706,9,30047,63
28029,MS,"Copiah County, MS",11227,10405,822,7,11230,10482,748,7,11226,10569,657,6,11129,10491,638,6,11090,10353,737,7,10644,9782,862,8,10772,10073,699,7,41476,88
28031,MS,"Covington County, MS",7941,7471,470,6,8116,7666,450,6,8083,7682,401,5,8066,7696,370,5,8207,7811,396,5,8225,7670,555,7,8214,7791,423,5,42221,89
28033,MS,"DeSoto County, MS",84286,80182,4104,5,86854,83114,3740,4,88457,84967,3490,4,90482,86949,3533,4,92898,88767,4131,4,91089,85724,5365,6,92926,88834,4092,4,66532,141
28035,MS,"Forrest County, MS",32740,30654,2086,6,33231,31288,1943,6,33394,31730,1664,5,33084,31562,1522,5,33130,31407,1723,5,32429,29866,2563,8,33213,31333,1880,6,42082,89
28037,MS,"Franklin County, MS",2930,2702,228,8,2841,2633,208,7,2856,2657,199,7,2804,2634,170,6,2780,2588,192,7,2707,2487,220,8,2660,2478,182,7,41548,88
28039,MS,"George County, MS",8831,8160,671,8,8777,8113,664,8,8819,8171,648,7,8779,8192,587,7,8933,8271,662,7,8852,8063,789,9,8749,8136,613,7,49995,106
28041,MS,"Greene County, MS",4318,3988,330,8,4268,3951,317,7,4368,4032,336,8,4284,4008,276,6,4357,4013,344,8,4247,3843,404,10,4197,3879,318,8,46493,98
28043,MS,"Grenada County, MS",9449,8881,568,6,9563,9063,500,5,9625,9171,454,5,9549,9129,420,4,9617,9137,480,5,9151,8506,645,7,9083,8630,453,5,42577,90
28045,MS,"Hancock County, MS",18619,17396,1223,7,18788,17620,1168,6,18687,17620,1067,6,18646,17670,976,5,18841,17775,1066,6,18566,17037,1529,8,19045,17931,1114,6,55710,118
28047,MS,"Harrison County, MS",85384,80244,5140,6,86334,81468,4866,6,85907,81617,4290,5,85804,81731,4073,5,86822,82294,4528,5,86485,78493,7992,9,87481,82697,4784,6,47505,100
28049,MS,"Hinds County, MS",108864,102227,6637,6,109481,103402,6079,6,108990,103552,5438,5,106847,101675,5172,5,105194,99638,5556,5,102032,92650,9382,9,101911,95588,6323,6,44671,94
28051,MS,"Holmes County, MS",6103,5360,743,12,5958,5290,668,11,5810,5250,560,10,5686,5165,521,9,5604,5031,573,10,5440,4576,864,16,5208,4635,573,11,30003,63
28053,MS,"Humphreys County, MS",2462,2147,315,13,2366,2091,275,12,2200,1987,213,10,2193,1995,198,9,2186,1963,223,10,2181,1866,315,14,2068,1805,263,13,30474,64
28055,MS,"Issaquena County, MS",418,346,72,17,400,343,57,14,392,344,48,12,370,336,34,9,361,318,43,12,326,298,28,9,322,292,30,9,32675,69
28057,MS,"Itawamba County, MS",10177,9587,590,6,10354,9818,536,5,10491,10038,453,4,10370,9939,431,4,10507,10009,498,5,10154,9461,693,7,10326,9883,443,4,48097,102
28059,MS,"Jackson County, MS",58800,54606,4194,7,58850,54898,3952,7,58393,54842,3551,6,58221,54849,3372,6,58559,54983,3576,6,57693,52314,5379,9,58667,55139,3528,6,55831,118
28061,MS,"Jasper County, MS",6345,5843,502,8,6166,5684,482,8,6072,5664,408,7,5987,5624,363,6,6240,5814,426,7,5972,5449,523,9,5817,5395,422,7,42806,90
28063,MS,"Jefferson County, MS",2273,1930,343,15,2221,1884,337,15,2120,1802,318,15,2024,1752,272,13,2011,1695,316,16,1957,1605,352,18,1919,1601,318,17,32683,69
28065,MS,"Jefferson Davis County, MS",4117,3753,364,9,4165,3814,351,8,4229,3933,296,7,4095,3814,281,7,4102,3817,285,7,3944,3573,371,9,3897,3596,301,8,35567,75
28067,MS,"Jones County, MS",26470,24860,1610,6,25680,24075,1605,6,25352,24004,1348,5,25550,24270,1280,5,26402,24996,1406,5,25160,23412,1748,7,24598,23206,1392,6,49115,104
28069,MS,"Kemper County, MS",3568,3194,374,11,3540,3225,315,9,3588,3302,286,8,3565,3293,272,8,3481,3208,273,8,3311,3000,311,9,3282,3038,244,7,37305,79
28071,MS,"Lafayette County, MS",24368,23018,1350,6,25868,24579,1289,5,27467,26294,1173,4,28093,26963,1130,4,28013,26782,1231,4,26288,24724,1564,6,27635,26498,1137,4,55786,118
28073,MS,"Lamar County, MS",28807,27400,1407,5,29464,28097,1367,5,30096,28912,1184,4,30586,29429,1157,4,31074,29752,1322,4,30383,28592,1791,6,31299,30012,1287,4,62527,132
28075,MS,"Lauderdale County, MS",31562,29466,2096,7,31639,29740,1899,6,31724,29988,1736,6,30736,29162,1574,5,30347,28678,1669,6,29215,27065,2150,7,29077,27504,1573,5,44821,95
28077,MS,"Lawrence County, MS",4732,4386,346,7,4655,4317,338,7,4678,4364,314,7,4637,4355,282,6,4638,4319,319,7,4604,4212,392,9,4613,4294,319,7,36272,77
28079,MS,"Leake County, MS",7866,7376,490,6,7720,7242,478,6,7576,7130,446,6,7828,7424,404,5,8040,7593,447,6,7930,7319,611,8,7900,7457,443,6,43614,92
28081,MS,"Lee County, MS",39726,37495,2231,6,40620,38598,2022,5,41036,39344,1692,4,40687,39067,1620,4,41443,39628,1815,4,40820,37573,3247,8,41213,39311,1902,5,57936,122
28083,MS,"Leflore County, MS",10466,9325,1141,11,10296,9343,953,9,10115,9342,773,8,9942,9235,707,7,9909,9158,751,8,9760,8741,1019,10,9941,9131,810,8,34818,74
28085,MS,"Lincoln County, MS",14182,13310,872,6,14358,13524,834,6,14516,13740,776,5,14576,13870,706,5,14636,13811,825,6,14288,13256,1032,7,14774,14032,742,5,44695,94
28087,MS,"Lowndes County, MS",25047,23264,1783,7,25405,23813,1592,6,25241,23851,1390,6,25130,23874,1256,5,25732,24376,1356,5,24640,22625,2015,8,24797,23333,1464,6,47860,101
28089,MS,"Madison County, MS",51473,49085,2388,5,53109,50769,2340,4,53096,50971,2125,4,53114,51080,2034,4,53868,51497,2371,4,52326,48986,3340,6,52799,50539,2260,4,67151,142
28091,MS,"Marion County, MS",9979,9241,738,7,10221,9537,684,7,10179,9604,575,6,10018,9488,530,5,10003,9450,553,6,9988,9293,695,7,10268,9725,543,5,38727,82
28093,MS,"Marshall County, MS",14402,13349,1053,7,14492,13600,892,6,14350,13588,762,5,14342,13604,738,5,14445,13610,835,6,13964,12929,1035,7,14217,13391,826,6,46117,97
28095,MS,"Monroe County, MS",15439,14285,1154,8,15569,14567,1002,6,15544,14720,824,5,15409,14634,775,5,15627,14777,850,5,15464,14118,1346,9,15758,14938,820,5,49114,104
28097,MS,"Montgomery County, MS",4188,3859,329,8,4218,3943,275,7,4153,3936,217,5,3999,3781,218,6,3946,3709,237,6,3860,3556,304,8,3877,3641,236,6,40300,85
28099,MS,"Neshoba County, MS",10592,9933,659,6,10652,10027,625,6,10364,9813,551,5,10152,9629,523,5,10343,9730,613,6,10246,9313,933,9,10035,9472,563,6,49215,104
28101,MS,"Newton County, MS",8692,8152,540,6,8603,8085,518,6,8900,8436,464,5,8758,8328,430,5,8374,7899,475,6,7940,7324,616,8,8146,7703,443,5,49925,105
28103,MS,"Noxubee County, MS",3944,3553,391,10,3949,3616,333,8,3894,3601,293,8,3802,3539,263,7,3773,3497,276,7,3776,3365,411,11,3597,3276,321,9,35880,76
28105,MS,"Oktibbeha County, MS",22425,21034,1391,6,22946,21675,1271,6,22181,21047,1134,5,22334,21248,1086,5,22752,21470,1282,6,21799,20156,1643,8,22478,21246,1232,6,44234,93
28107,MS,"Panola County, MS",13404,12222,1182,9,13128,12143,985,8,13035,12135,900,7,12822,12024,798,6,12660,11823,837,7,12554,11350,1204,10,12578,11686,892,7,41060,87
28109,MS,"Pearl River County, MS",22794,21374,1420,6,23116,21706,1410,6,23403,22137,1266,5,23491,22346,1145,5,23729,22472,1257,5,22926,21303,1623,7,23318,22005,1313,6,50611,107
28111,MS,"Perry County, MS",4303,3956,347,8,4339,4023,316,7,4312,4032,280,7,4258,4000,258,6,4298,4005,293,7,4132,3777,355,9,4234,3957,277,7,47073,99
28113,MS,"Pike County, MS",14652,13568,1084,7,14608,13597,1011,7,14441,13539,902,6,14448,13586,862,6,14531,13577,954,7,14404,13142,1262,9,14405,13381,1024,7,37054,78
28115,MS,"Pontotoc County, MS",13831,13050,781,6,14367,13673,694,5,14619,14040,579,4,14591,14013,578,4,14978,14324,654,4,14843,13723,1120,8,15007,14341,666,4,53272,113
28117,MS,"Prentiss County, MS",10960,10287,673,6,11011,10398,613,6,11179,10656,523,5,11226,10729,497,4,11365,10812,553,5,11038,10290,748,7,11272,10777,495,4,44543,94
28119,MS,"Quitman County, MS",2681,2389,292,11,2607,2348,259,10,2426,2204,222,9,2356,2170,186,8,2327,2136,191,8,2329,2082,247,11,2335,2137,198,9,31077,66
28121,MS,"Rankin County, MS",72763,69701,3062,4,74573,71558,3015,4,75855,73065,2790,4,76035,73331,2704,4,77216,74146,3070,4,74275,70439,3836,5,75393,72669,2724,4,68583,145
28123,MS,"Scott County, MS",12940,12310,630,5,13197,12579,618,5,12996,12445,551,4,12903,12378,525,4,12820,12246,574,5,12433,11718,715,6,12338,11763,575,5,42069,89
28125,MS,"Sharkey County, MS",1723,1555,168,10,1708,1555,153,9,1611,1479,132,8,1606,1485,121,8,1479,1344,135,9,1451,1296,155,11,1401,1270,131,9,46163,98
28127,MS,"Simpson County, MS",10864,10216,648,6,10882,10278,604,6,10916,10368,548,5,10718,10213,505,5,10770,10209,561,5,10367,9677,690,7,10514,9967,547,5,41988,89
28129,MS,"Smith County, MS",6732,6367,365,5,6707,6346,361,5,6742,6413,329,5,6748,6440,308,5,6810,6453,357,5,6540,6170,370,6,6560,6264,296,5,48968,103
28131,MS,"Stone County, MS",6391,5911,480,8,6465,6021,444,7,6559,6147,412,6,6709,6309,400,6,6908,6485,423,6,6840,6331,509,7,6931,6555,376,5,51493,109
28133,MS,"Sunflower County, MS",8454,7555,899,11,8307,7520,787,10,7944,7267,677,9,7774,7149,625,8,7457,6775,682,9,7435,6626,809,11,7389,6715,674,9,35149,74
28135,MS,"Tallahatchie County, MS",5793,5350,443,8,5711,5316,395,7,5463,5162,301,6,5259,4970,289,6,5368,5064,304,6,5089,4716,373,7,4800,4507,293,6,35150,74
28137,MS,"Tate County, MS",11960,11104,856,7,12026,11308,718,6,12070,11441,629,5,12252,11627,625,5,12205,11517,688,6,11944,11049,895,8,12106,11429,677,6,61751,130
28139,MS,"Tippah County, MS",9410,8804,606,6,9353,8823,530,6,9440,9007,433,5,9431,9011,420,5,9560,9071,489,5,9182,8552,630,7,9427,8993,434,5,45568,96
28141,MS,"Tishomingo County, MS",7987,7472,515,6,8217,7757,460,6,8337,7912,425,5,8492,8093,399,5,8679,8235,444,5,8246,7714,532,7,8317,7938,379,5,48897,103
28143,MS,"Tunica County, MS",4643,4207,436,9,4589,4256,333,7,4444,4173,271,6,4393,4150,243,6,4325,4051,274,6,4432,3775,657,15,4275,3896,379,9,36850,78
28145,MS,"Union County, MS",13168,12488,680,5,13593,12979,614,5,13947,13430,517,4,14007,13498,509,4,14365,13763,602,4,13932,12960,972,7,14078,13505,573,4,50116,106
28147,MS,"Walthall County, MS",5135,4714,421,8,5016,4621,395,8,5053,4702,351,7,5048,4715,333,7,4959,4599,360,7,4916,4510,406,8,4937,4597,340,7,30992,65
28149,MS,"Warren County, MS",20821,19417,1404,7,20715,19377,1338,7,20803,19599,1204,6,20447,19305,1142,6,20476,19249,1227,6,19904,18206,1698,9,19416,18221,1195,6,48283,102
28151,MS,"Washington County, MS",17998,16125,1873,10,17691,16068,1623,9,17722,16421,1301,7,17227,16030,1197,7,16202,14927,1275,8,16192,14481,1711,11,15920,14613,1307,8,35344,75
28153,MS,"Wayne County, MS",7599,6990,609,8,7503,6943,560,8,7373,6893,480,7,7311,6900,411,6,7529,7069,460,6,7381,6752,629,9,7335,6842,493,7,36193,76
28155,MS,"Webster County, MS",3928,3642,286,7,3889,3640,249,6,3866,3657,209,5,3897,3698,199,5,3963,3736,227,6,3837,3559,278,7,3941,3729,212,5,51351,108
28157,MS,"Wilkinson County, MS",2876,2567,309,11,2825,2532,293,10,2828,2572,256,9,2774,2529,245,9,2812,2526,286,10,2721,2372,349,13,2736,2431,305,11,35394,75
28159,MS,"Winston County, MS",7065,6474,591,8,7076,6563,513,7,7202,6756,446,6,7289,6863,426,6,7416,6965,451,6,7257,6642,615,9,7180,6735,445,6,44029,93
28161,MS,"Yalobusha County, MS",4912,4556,356,7,4864,4553,311,6,5066,4783,283,6,5106,4848,258,5,4979,4693,286,6,4841,4469,372,8,4902,4633,269,6,42532,90
28163,MS,"Yazoo County, MS",9181,8420,761,8,9208,8515,693,8,9069,8501,568,6,9353,8817,536,6,9940,9311,629,6,8964,8067,897,10,8946,8292,654,7,37367,79
29001,MO,"Adair County, MO",10380,9784,596,6,10359,9772,587,6,10460,10016,444,4,10605,10235,370,4,10263,9885,378,4,10046,9536,510,5,9908,9481,427,4,49175,84
29003,MO,"Andrew County, MO",9860,9442,418,4,10021,9649,372,4,9782,9471,311,3,9702,9450,252,3,9831,9574,257,3,9712,9324,388,4,9656,9364,292,3,69387,118
29005,MO,"Atchison County, MO",2815,2687,128,5,2838,2709,129,5,2848,2749,99,4,2761,2694,67,2,2680,2586,94,4,2715,2606,109,4,2655,2569,86,3,53603,91
29007,MO,"Audrain County, MO",11242,10712,530,5,11120,10649,471,4,11066,10681,385,4,10773,10445,328,3,10604,10266,338,3,10276,9683,593,6,10246,9870,376,4,48258,82
29009,MO,"Barry County, MO",14822,14066,756,5,15175,14495,680,5,15461,14946,515,3,15587,15133,454,3,15475,14964,511,3,15642,14628,1014,7,15094,14406,688,5,47853,81
29011,MO,"Barton County, MO",5295,5003,292,6,5313,5036,277,5,5196,4981,215,4,5170,5013,157,3,5147,4982,165,3,5154,4903,251,5,5190,5014,176,3,46353,79
29013,MO,"Bates County, MO",8103,7601,502,6,8146,7711,435,5,7964,7610,354,4,7843,7544,299,4,7744,7445,299,4,7595,7191,404,5,7647,7322,325,4,52140,89
29015,MO,"Benton County, MO",7151,6675,476,7,7250,6811,439,6,7276,6906,370,5,7153,6834,319,5,7130,6803,327,5,7212,6687,525,7,7322,6905,417,6,44141,75
29017,MO,"Bollinger County, MO",5521,5206,315,6,5454,5169,285,5,5489,5249,240,4,5422,5228,194,4,5425,5225,200,4,5364,5064,300,6,5349,5127,222,4,48198,82
29019,MO,"Boone County, MO",98238,94717,3521,4,98042,94825,3217,3,97225,94687,2538,3,97437,95255,2182,2,98120,95904,2216,2,95852,91790,4062,4,99004,96049,2955,3,62673,107
29021,MO,"Buchanan County, MO",46208,44045,2163,5,46642,44741,1901,4,45023,43428,1595,4,44287,42992,1295,3,44115,42835,1280,3,43593,41457,2136,5,43329,41689,1640,4,53133,90
29023,MO,"Butler County, MO",18866,17674,1192,6,18771,17701,1070,6,18486,17655,831,5,18080,17266,814,5,17856,17064,792,4,18120,16990,1130,6,18037,17187,850,5,42099,72
29025,MO,"Caldwell County, MO",4368,4165,203,5,4469,4259,210,5,4422,4243,179,4,4346,4211,135,3,4277,4148,129,3,4236,4011,225,5,4298,4078,220,5,47870,81
29027,MO,"Callaway County, MO",21542,20507,1035,5,21800,20908,892,4,21406,20664,742,4,21095,20491,604,3,21301,20716,585,3,21370,20421,949,4,21325,20598,727,3,61268,104
29029,MO,"Camden County, MO",18644,17400,1244,7,18705,17620,1085,6,18861,17961,900,5,18561,17788,773,4,18755,17954,801,4,18738,17442,1296,7,19270,18315,955,5,64357,109
29031,MO,"Cape Girardeau County, MO",40612,38827,1785,4,40711,38952,1759,4,39780,38406,1374,4,40179,39093,1086,3,40615,39493,1122,3,40375,38321,2054,5,40445,38992,1453,4,57763,98
29033,MO,"Carroll County, MO",4789,4494,295,6,4762,4507,255,5,4779,4586,193,4,4656,4512,144,3,4769,4623,146,3,4611,4357,254,6,4504,4306,198,4,51891,88
29035,MO,"Carter County, MO",2496,2307,189,8,2540,2360,180,7,2527,2380,147,6,2501,2376,125,5,2515,2398,117,5,2518,2355,163,7,2571,2438,133,5,38854,66
29037,MO,"Cass County, MO",53555,50932,2623,5,54449,52196,2253,4,54115,52221,1894,4,54177,52536,1641,3,54652,53092,1560,3,53829,50977,2852,5,54398,52278,2120,4,82068,140
29039,MO,"Cedar County, MO",5857,5542,315,5,5789,5501,288,5,5746,5514,232,4,5690,5498,192,3,5740,5538,202,4,5719,5465,254,4,5790,5578,212,4,40130,68
29041,MO,"Chariton County, MO",3830,3646,184,5,3851,3684,167,4,3845,3713,132,3,3759,3655,104,3,3691,3586,105,3,3735,3585,150,4,3743,3620,123,3,60521,103
29043,MO,"Christian County, MO",42786,40943,1843,4,43307,41613,1694,4,43117,41787,1330,3,43973,42855,1118,3,45304,44140,1164,3,45608,43392,2216,5,46547,45043,1504,3,67585,115
29045,MO,"Clark County, MO",3415,3166,249,7,3366,3119,247,7,3200,3022,178,6,3197,3076,121,4,3168,3061,107,3,3157,2968,189,6,3127,2982,145,5,47750,81
29047,MO,"Clay County, MO",131384,125297,6087,5,133855,128647,5208,4,134515,129677,4838,4,134674,130804,3870,3,136897,133199,3698,3,136387,128154,8233,6,138370,131555,6815,5,74950,127
29049,MO,"Clinton County, MO",10925,10384,541,5,10999,10536,463,4,10857,10426,431,4,10649,10311,338,3,10570,10265,305,3,10497,9880,617,6,10660,10096,564,5,66492,113
29051,MO,"Cole County, MO",39133,37538,1595,4,39380,37982,1398,4,38739,37607,1132,3,38420,37480,940,2,39011,38059,952,2,38765,37065,1700,4,38648,37445,1203,3,63486,108
29053,MO,"Cooper County, MO",7569,7123,446,6,7473,7106,367,5,7448,7178,270,4,7408,7182,226,3,7403,7142,261,4,7155,6767,388,5,7080,6824,256,4,51221,87
29055,MO,"Crawford County, MO",10845,10179,666,6,10817,10240,577,5,10793,10297,496,5,10823,10408,415,4,10910,10522,388,4,10788,10103,685,6,10913,10418,495,5,43785,74
29057,MO,"Dade County, MO",3549,3364,185,5,3583,3423,160,5,3570,3449,121,3,3561,3466,95,3,3524,3419,105,3,3549,3396,153,4,3544,3427,117,3,46535,79
29059,MO,"Dallas County, MO",6937,6497,440,6,6947,6567,380,6,6931,6607,324,5,6941,6669,272,4,7043,6743,300,4,7077,6665,412,6,7177,6865,312,4,43482,74
29061,MO,"Daviess County, MO",4061,3872,189,5,4111,3953,158,4,4068,3934,134,3,4028,3909,119,3,4070,3941,129,3,4105,3933,172,4,4103,3948,155,4,49830,85
29063,MO,"DeKalb County, MO",5018,4780,238,5,5077,4856,221,4,4897,4708,189,4,4839,4691,148,3,4808,4668,140,3,4202,4014,188,5,4167,4010,157,4,52868,90
29065,MO,"Dent County, MO",6262,5890,372,6,6195,5862,333,5,6167,5911,256,4,6198,5998,200,3,6253,6042,211,3,6298,5996,302,5,6257,5987,270,4,44057,75
29067,MO,"Douglas County, MO",5010,4663,347,7,5075,4767,308,6,5062,4830,232,5,5054,4831,223,4,5063,4821,242,5,5134,4745,389,8,5162,4941,221,4,46079,78
29069,MO,"Dunklin County, MO",13051,11982,1069,8,12820,11767,1053,8,12414,11612,802,7,12001,11353,648,5,11443,10844,599,5,11515,10679,836,7,11276,10590,686,6,42512,72
29071,MO,"Franklin County, MO",52207,49509,2698,5,52613,50323,2290,4,52365,50476,1889,4,52465,50888,1577,3,53392,51779,1613,3,52536,49318,3218,6,52747,50639,2108,4,62781,107
29073,MO,"Gasconade County, MO",7634,7304,330,4,7692,7361,331,4,7777,7479,298,4,7728,7507,221,3,7705,7460,245,3,7584,7153,431,6,7620,7342,278,4,54487,93
29075,MO,"Gentry County, MO",3592,3438,154,4,3584,3451,133,4,3616,3514,102,3,3568,3484,84,2,3479,3391,88,3,3392,3278,114,3,3334,3245,89,3,48338,82
29077,MO,"Greene County, MO",148369,142081,6288,4,148413,142801,5612,4,146789,142294,4495,3,148104,144367,3737,3,150407,146573,3834,3,149592,141608,7984,5,152184,146978,5206,3,46934,80
29079,MO,"Grundy County, MO",4880,4674,206,4,4897,4674,223,5,4793,4624,169,4,4533,4373,160,4,4353,4209,144,3,4276,4081,195,5,4178,4028,150,4,45363,77
29081,MO,"Harrison County, MO",3963,3758,205,5,3968,3801,167,4,3913,3776,137,4,3837,3722,115,3,3777,3657,120,3,3786,3615,171,5,3761,3629,132,4,43642,74
29083,MO,"Henry County, MO",10050,9491,559,6,9880,9388,492,5,9880,9476,404,4,9772,9428,344,4,9668,9326,342,4,9644,9080,564,6,10059,9661,398,4,53544,91
29085,MO,"Hickory County, MO",3700,3450,250,7,3691,3484,207,6,3756,3589,167,4,3836,3679,157,4,3819,3667,152,4,3866,3673,193,5,3963,3805,158,4,36049,61
29087,MO,"Holt County, MO",2692,2593,99,4,2682,2595,87,3,2690,2613,77,3,2644,2582,62,2,2569,2501,68,3,2539,2454,85,3,2479,2406,73,3,49531,84
29089,MO,"Howard County, MO",5015,4765,250,5,5024,4802,222,4,5074,4881,193,4,4962,4823,139,3,4856,4714,142,3,4803,4605,198,4,4853,4696,157,3,53190,90
29091,MO,"Howell County, MO",16254,15189,1065,7,16097,15079,1018,6,15884,15133,751,5,16237,15668,569,4,16372,15743,629,4,16188,15108,1080,7,16165,15387,778,5,45808,78
29093,MO,"Iron County, MO",3830,3521,309,8,3710,3445,265,7,3578,3349,229,6,3529,3341,188,5,3500,3341,159,5,3485,3240,245,7,3491,3289,202,6,41744,71
29095,MO,"Jackson County, MO",360910,339191,21719,6,363794,345196,18598,5,361856,345971,15885,4,358194,344820,13374,4,360405,347620,12785,4,356700,331092,25608,7,359763,340103,19660,6,56398,96
29097,MO,"Jasper County, MO",57705,55185,2520,4,57668,55277,2391,4,56730,54827,1903,3,56404,54869,1535,3,56934,55322,1612,3,55788,52632,3156,6,56953,54820,2133,4,51329,87
29099,MO,"Jefferson County, MO",116938,111148,5790,5,117502,112461,5041,4,116180,112044,4136,4,116497,112936,3561,3,118605,115151,3454,3,116697,109659,7038,6,117556,112790,4766,4,67191,114
29101,MO,"Johnson County, MO",22972,21711,1261,6,23156,22024,1132,5,23252,22237,1015,4,22716,21890,826,4,22988,22183,805,4,23058,21757,1301,6,23074,22060,1014,4,58373,99
29103,MO,"Knox County, MO",1950,1873,77,4,1982,1910,72,4,1990,1926,64,3,1914,1860,54,3,1762,1713,49,3,1745,1676,69,4,1729,1676,53,3,41838,71
29105,MO,"Laclede County, MO",15843,14817,1026,7,16142,15263,879,5,16586,15802,784,5,16752,16142,610,4,17214,16096,1118,7,16704,15346,1358,8,16514,15802,712,4,46191,79
29107,MO,"Lafayette County, MO",17075,16232,843,5,17173,16434,739,4,16959,16322,637,4,16718,16182,536,3,16700,16213,487,3,16498,15638,860,5,16674,15963,711,4,62043,106
29109,MO,"Lawrence County, MO",17773,16885,888,5,17766,16992,774,4,17839,17210,629,4,18047,17505,542,3,17884,17289,595,3,17618,16553,1065,6,17457,16752,705,4,48101,82
29111,MO,"Lewis County, MO",5181,4921,260,5,5132,4900,232,5,5105,4931,174,3,5065,4924,141,3,4968,4819,149,3,4933,4693,240,5,4826,4657,169,4,42710,73
29113,MO,"Lincoln County, MO",26795,25383,1412,5,27200,25980,1220,5,27343,26367,976,4,28087,27192,895,3,29094,28193,901,3,29023,27257,1766,6,29307,27956,1351,5,70054,119
29115,MO,"Linn County, MO",5213,4840,373,7,5266,4914,352,7,5255,4951,304,6,5114,4878,236,5,5058,4825,233,5,5048,4738,310,6,5077,4801,276,5,47506,81
29117,MO,"Livingston County, MO",7259,6944,315,4,7342,7056,286,4,7453,7235,218,3,7490,7307,183,2,7317,7141,176,2,7289,7019,270,4,7256,7037,219,3,51402,87
29119,MO,"McDonald County, MO",10347,9847,500,5,10462,10010,452,4,10379,10003,376,4,10435,10120,315,3,10390,10058,332,3,10321,9794,527,5,10608,10199,409,4,45446,77
29121,MO,"Macon County, MO",7425,7022,403,5,7606,7243,363,5,7571,7298,273,4,7600,7378,222,3,7464,7225,239,3,7418,7064,354,5,7365,7093,272,4,49013,83
29123,MO,"Madison County, MO",5486,5157,329,6,5472,5172,300,6,5486,5241,245,5,5449,5261,188,4,5432,5257,175,3,5452,5099,353,7,5473,5231,242,4,45002,77
29125,MO,"Maries County, MO",3913,3701,212,5,3906,3710,196,5,3914,3746,168,4,3868,3743,125,3,3853,3726,127,3,3896,3707,189,5,3898,3748,150,4,47698,81
29127,MO,"Marion County, MO",14659,13995,664,5,14557,13935,622,4,14527,14009,518,4,14416,13977,439,3,14394,13962,432,3,14226,13546,680,5,14197,13705,492,4,54230,92
29129,MO,"Mercer County, MO",1876,1791,85,5,1926,1838,88,5,1943,1871,72,4,1904,1846,58,3,1841,1786,55,3,1862,1797,65,4,1805,1752,53,3,45934,78
29131,MO,"Miller County, MO",11584,10873,711,6,11871,11257,614,5,12005,11475,530,4,12105,11670,435,4,12207,11772,435,4,12268,11528,740,6,12593,12076,517,4,51348,87
29133,MO,"Mississippi County, MO",6246,5877,369,6,6208,5797,411,7,6045,5743,302,5,5930,5708,222,4,5718,5498,220,4,5629,5329,300,5,5440,5186,254,5,39621,67
29135,MO,"Moniteau County, MO",7354,6987,367,5,7463,7140,323,4,7353,7088,265,4,7272,7059,213,3,7310,7107,203,3,7100,6796,304,4,7049,6810,239,3,51138,87
29137,MO,"Monroe County, MO",4184,3962,222,5,4157,3956,201,5,4064,3891,173,4,3953,3814,139,4,3812,3660,152,4,3775,3554,221,6,3783,3618,165,4,48661,83
29139,MO,"Montgomery County, MO",5672,5385,287,5,5743,5481,262,5,5647,5463,184,3,5682,5520,162,3,5703,5533,170,3,5706,5427,279,5,5788,5573,215,4,56447,96
29141,MO,"Morgan County, MO",8031,7479,552,7,7958,7491,467,6,7935,7546,389,5,7955,7620,335,4,8074,7742,332,4,8202,7693,509,6,8540,8137,403,5,51582,88
29143,MO,"New Madrid County, MO",8531,7990,541,6,8230,7468,762,9,7993,7469,524,7,8016,7642,374,5,8159,7827,332,4,8397,7910,487,6,8326,7930,396,5,41553,71
29145,MO,"Newton County, MO",28266,26948,1318,5,28186,26960,1226,4,27314,26321,993,4,27024,26217,807,3,27049,26210,839,3,26580,25048,1532,6,27045,26014,1031,4,52798,90
29147,MO,"Nodaway County, MO",10947,10399,548,5,10838,10334,504,5,10634,10254,380,4,10635,10330,305,3,10724,10423,301,3,10708,10235,473,4,10791,10473,318,3,55821,95
29149,MO,"Oregon County, MO",4138,3871,267,7,4110,3864,246,6,4012,3829,183,5,3935,3801,134,3,3942,3794,148,4,3911,3647,264,7,3839,3636,203,5,37835,64
29151,MO,"Osage County, MO",7114,6842,272,4,7219,6974,245,3,7108,6897,211,3,7045,6879,166,2,7049,6890,159,2,7015,6764,251,4,6985,6801,184,3,62679,107
29153,MO,"Ozark County, MO",3628,3333,295,8,3627,3364,263,7,3564,3358,206,6,3437,3263,174,5,3411,3225,186,6,3463,3214,249,7,3442,3254,188,6,38606,66
29155,MO,"Pemiscot County, MO",7006,6359,647,9,7023,6401,622,9,6551,6065,486,7,6303,5964,339,5,6291,5993,298,5,6258,5760,498,8,6078,5633,445,7,34498,59
29157,MO,"Perry County, MO",10146,9711,435,4,10068,9710,358,4,10101,9834,267,3,10159,9926,233,2,9980,9731,249,3,9809,9269,540,6,9781,9471,310,3,55605,95
29159,MO,"Pettis County, MO",20800,19684,1116,5,20602,19588,1014,5,20850,19987,863,4,20713,19871,842,4,20793,20098,695,3,20573,19188,1385,7,20298,19349,949,5,52261,89
29161,MO,"Phelps County, MO",19452,18396,1056,5,19485,18562,923,5,19678,18947,731,4,19642,19046,596,3,19639,19030,609,3,19727,18792,935,5,20030,19284,746,4,50420,86
29163,MO,"Pike County, MO",8060,7684,376,5,8056,7694,362,5,7925,7653,272,3,7662,7390,272,4,7472,7222,250,3,7458,7059,399,5,7382,7092,290,4,51255,87
29165,MO,"Platte County, MO",55094,52734,2360,4,56646,54601,2045,4,57596,55769,1827,3,57905,56436,1469,3,58901,57419,1482,3,58753,55594,3159,5,59458,57052,2406,4,86924,148
29167,MO,"Polk County, MO",14173,13410,763,5,14205,13516,689,5,14178,13615,563,4,14378,13861,517,4,14395,13923,472,3,14290,13623,667,5,14576,14067,509,4,50691,86
29169,MO,"Pulaski County, MO",14803,13921,882,6,14461,13678,783,5,14695,14070,625,4,14585,14067,518,4,14604,14039,565,4,14524,13708,816,6,14585,13938,647,4,59126,101
29171,MO,"Putnam County, MO",2485,2384,101,4,2452,2340,112,5,2444,2352,92,4,2417,2335,82,3,2261,2184,77,3,2266,2167,99,4,2233,2163,70,3,46546,79
29173,MO,"Ralls County, MO",5636,5393,243,4,5621,5395,226,4,5642,5467,175,3,5606,5451,155,3,5660,5493,167,3,5612,5363,249,4,5602,5412,190,3,57061,97
29175,MO,"Randolph County, MO",10444,9805,639,6,10481,9933,548,5,10264,9802,462,5,10219,9835,384,4,10269,9892,377,4,10119,9523,596,6,10273,9840,433,4,51924,88
29177,MO,"Ray County, MO",11096,10478,618,6,11135,10588,547,5,11085,10553,532,5,10894,10501,393,4,10958,10582,376,3,10757,10026,731,7,10983,10272,711,7,64014,109
29179,MO,"Reynolds County, MO",2697,2505,192,7,2680,2507,173,7,3126,3005,121,4,3028,2935,93,3,3007,2902,105,4,2922,2759,163,6,2936,2815,121,4,39089,67
29181,MO,"Ripley County, MO",5295,4866,429,8,5329,4954,375,7,5244,4955,289,6,5088,4826,262,5,4977,4716,261,5,5007,4617,390,8,5072,4793,279,6,37771,64
29183,MO,"St. Charles County, MO",216222,207742,8480,4,220910,213165,7745,4,221708,215396,6312,3,224066,218501,5565,3,228903,223448,5455,2,225229,213631,11598,5,227337,219453,7884,4,90567,154
29185,MO,"St. Clair County, MO",3955,3675,280,7,3912,3667,245,6,3877,3681,196,5,3784,3622,162,4,3724,3563,161,4,3774,3541,233,6,3845,3673,172,5,41486,71
29186,MO,"Ste. Genevieve County, MO",9009,8517,492,6,8980,8563,417,5,9083,8760,323,4,9184,8932,252,3,9140,8909,231,3,9187,8738,449,5,9232,8916,316,3,58618,100
29187,MO,"St. Francois County, MO",26252,24624,1628,6,26210,24770,1440,6,26707,25545,1162,4,26471,25519,952,4,26456,25531,925,4,26249,24419,1830,7,26027,24772,1255,5,48476,82
29189,MO,"St. Louis County, MO",530371,505340,25031,5,531064,508770,22294,4,524894,506987,17907,3,525291,509836,15455,3,531873,516571,15302,3,521403,488660,32743,6,526087,502408,23679,5,68964,117
29195,MO,"Saline County, MO",10985,10445,540,5,10726,10227,499,5,10666,10289,377,4,10709,10384,325,3,10597,10278,319,3,10560,10082,478,5,10487,10119,368,4,52850,90
29197,MO,"Schuyler County, MO",1896,1784,112,6,1904,1783,121,6,1955,1861,94,5,2008,1927,81,4,1957,1876,81,4,1898,1788,110,6,1845,1765,80,4,46191,79
29199,MO,"Scotland County, MO",2437,2324,113,5,2452,2351,101,4,2451,2375,76,3,2388,2321,67,3,2352,2284,68,3,2376,2299,77,3,2311,2250,61,3,47740,81
29201,MO,"Scott County, MO",19930,18866,1064,5,19950,18810,1140,6,20104,19214,890,4,20012,19338,674,3,19805,19143,662,3,19849,18800,1049,5,20195,19410,785,4,52864,90
29203,MO,"Shannon County, MO",3320,3044,276,8,3322,3079,243,7,3279,3082,197,6,3232,3074,158,5,3223,3055,168,5,3344,3103,241,7,3366,3177,189,6,37599,64
29205,MO,"Shelby County, MO",3058,2911,147,5,3069,2940,129,4,3092,2987,105,3,3017,2926,91,3,3023,2939,84,3,3029,2895,134,4,2985,2886,99,3,48430,82
29207,MO,"Stoddard County, MO",13158,12270,888,7,13286,12436,850,6,13221,12557,664,5,13062,12493,569,4,12993,12415,578,4,13185,12417,768,6,13325,12730,595,5,47372,81
29209,MO,"Stone County, MO",13296,12228,1068,8,13417,12478,939,7,13816,13055,761,6,13699,13067,632,5,13813,13165,648,5,13148,11898,1250,10,13611,12719,892,7,51797,88
29211,MO,"Sullivan County, MO",2763,2595,168,6,2768,2609,159,6,2752,2641,111,4,2793,2706,87,3,2653,2565,88,3,2752,2634,118,4,2650,2521,129,5,43387,74
29213,MO,"Taney County, MO",26022,23886,2136,8,26311,24362,1949,7,26929,25309,1620,6,26890,25512,1378,5,26902,25588,1314,5,25960,22689,3271,13,26276,24306,1970,8,44670,76
29215,MO,"Texas County, MO",9352,8718,634,7,9314,8731,583,6,9363,8902,461,5,9012,8652,360,4,8881,8504,377,4,8938,8425,513,6,9000,8590,410,5,38985,66
29217,MO,"Vernon County, MO",9761,9255,506,5,9598,9133,465,5,9643,9278,365,4,9551,9255,296,3,9398,9085,313,3,9390,8980,410,4,9422,9101,321,3,45874,78
29219,MO,"Warren County, MO",17238,16398,840,5,17480,16750,730,4,17561,17002,559,3,17736,17248,488,3,18459,17958,501,3,18539,17492,1047,6,18722,17946,776,4,69678,119
29221,MO,"Washington County, MO",10463,9747,716,7,10331,9677,654,6,10296,9743,553,5,10189,9744,445,4,10169,9737,432,4,10077,9359,718,7,10094,9578,516,5,42683,73
29223,MO,"Wayne County, MO",5685,5344,341,6,5653,5351,302,5,5534,5255,279,5,5328,5076,252,5,5222,4983,239,5,5017,4711,306,6,4838,4595,243,5,43848,75
29225,MO,"Webster County, MO",16553,15694,859,5,16883,16054,829,5,16812,16163,649,4,16948,16430,518,3,17319,16734,585,3,17198,16286,912,5,17409,16811,598,3,55431,94
29227,MO,"Worth County, MO",1210,1170,40,3,1210,1174,36,3,1190,1160,30,3,1190,1157,33,3,1154,1124,30,3,1170,1122,48,4,1181,1151,30,3,44361,75
29229,MO,"Wright County, MO",7599,7114,485,6,7595,7146,449,6,7608,7234,374,5,7411,7107,304,4,7392,7024,368,5,7374,6866,508,7,7596,7290,306,4,39521,67
29510,MO,"St. Louis city, MO",158810,148980,9830,6,157198,148669,8529,5,153929,147124,6805,4,150874,145145,5729,4,151947,146380,5567,4,150074,137094,12980,9,150531,140948,9583,6,45773,78
30001,MT,"Beaverhead County, MT",4982,4806,176,4,5068,4894,174,3,5079,4919,160,3,5080,4921,159,3,5180,5025,155,3,5088,4888,200,4,5141,4999,142,3,52613,91
30003,MT,"Big Horn County, MT",5555,5175,380,7,5539,5123,416,8,5566,4811,755,14,5145,4649,496,10,4950,4578,372,8,4868,4519,349,7,4669,4306,363,8,42823,74
30005,MT,"Blaine County, MT",2398,2275,123,5,2369,2257,112,5,2368,2269,99,4,2317,2216,101,4,2315,2223,92,4,2271,2164,107,5,2237,2151,86,4,45936,80
30007,MT,"Broadwater County, MT",2487,2357,130,5,2551,2421,130,5,2602,2477,125,5,2647,2541,106,4,2642,2534,108,4,2650,2486,164,6,2667,2560,107,4,61641,107
30009,MT,"Carbon County, MT",5427,5222,205,4,5418,5196,222,4,5535,5331,204,4,5522,5326,196,4,5539,5342,197,4,5638,5310,328,6,5662,5468,194,3,62465,108
30011,MT,"Carter County, MT",686,663,23,3,696,676,20,3,700,682,18,3,672,655,17,3,663,644,19,3,647,629,18,3,650,633,17,3,48286,84
30013,MT,"Cascade County, MT",38320,36730,1590,4,37781,36224,1557,4,38001,36554,1447,4,38144,36761,1383,4,38455,37120,1335,4,37907,35719,2188,6,37812,36561,1251,3,53357,92
30015,MT,"Chouteau County, MT",2525,2440,85,3,2513,2415,98,4,2507,2423,84,3,2494,2419,75,3,2484,2415,69,3,2473,2379,94,4,2459,2392,67,3,50607,88
30017,MT,"Custer County, MT",6390,6174,216,3,6235,6007,228,4,6198,6000,198,3,6123,5934,189,3,6132,5953,179,3,6225,5931,294,5,6217,6025,192,3,59804,104
30019,MT,"Daniels County, MT",944,919,25,3,934,909,25,3,912,891,21,2,891,872,19,2,894,876,18,2,891,866,25,3,875,858,17,2,50312,87
30021,MT,"Dawson County, MT",4822,4666,156,3,4601,4418,183,4,4707,4560,147,3,4668,4543,125,3,4659,4544,115,3,4670,4418,252,5,4511,4371,140,3,55845,97
30023,MT,"Deer Lodge County, MT",5238,5024,214,4,5296,5087,209,4,5168,4981,187,4,5172,4987,185,4,5132,4964,168,3,5073,4820,253,5,5094,4928,166,3,47362,82
30025,MT,"Fallon County, MT",1970,1923,47,2,1810,1742,68,4,1747,1700,47,3,1709,1678,31,2,1720,1689,31,2,1651,1587,64,4,1620,1578,42,3,62597,108
30027,MT,"Fergus County, MT",5704,5462,242,4,5763,5528,235,4,5799,5562,237,4,5859,5643,216,4,6098,5902,196,3,5849,5586,263,5,5822,5631,191,3,49576,86
30029,MT,"Flathead County, MT",44861,42228,2633,6,45960,43298,2662,6,47092,44581,2511,5,48229,45895,2334,5,48862,46513,2349,5,49750,45934,3816,8,51167,49112,2055,4,58959,102
30031,MT,"Gallatin County, MT",59459,57622,1837,3,62060,60245,1815,3,64922,63106,1816,3,67412,65697,1715,3,70059,68422,1637,2,70900,67418,3482,5,73887,72116,1771,2,70029,121
30033,MT,"Garfield County, MT",762,740,22,3,763,740,23,3,765,743,22,3,742,722,20,3,749,731,18,2,746,726,20,3,742,723,19,3,45892,80
30035,MT,"Glacier County, MT",5863,5323,540,9,5826,5310,516,9,5765,5301,464,8,5759,5308,451,8,5796,5352,444,8,5508,4983,525,10,5528,5139,389,7,40817,71
30037,MT,"Golden Valley County, MT",380,364,16,4,378,361,17,5,376,357,19,5,372,355,17,5,368,353,15,4,365,348,17,5,369,356,13,4,42741,74
30039,MT,"Granite County, MT",1562,1462,100,6,1632,1532,100,6,1629,1532,97,6,1708,1617,91,5,1724,1626,98,6,1601,1473,128,8,1620,1548,72,4,53407,93
30041,MT,"Hill County, MT",7799,7464,335,4,7797,7448,349,5,7843,7541,302,4,7742,7466,276,4,7775,7483,292,4,7611,7241,370,5,7543,7308,235,3,49734,86
30043,MT,"Jefferson County, MT",5585,5351,234,4,5669,5399,270,5,5664,5416,248,4,5691,5472,219,4,5804,5606,198,3,5830,5538,292,5,5906,5715,191,3,80071,139
30045,MT,"Judith Basin County, MT",994,959,35,4,932,899,33,4,929,894,35,4,920,889,31,3,993,962,31,3,984,938,46,5,951,925,26,3,50610,88
30047,MT,"Lake County, MT",12705,12054,651,5,13078,12435,643,5,13225,12623,602,5,13236,12668,568,4,13458,12875,583,4,13742,12908,834,6,14006,13472,534,4,52493,91
30049,MT,"Lewis and Clark County, MT",35016,33805,1211,4,35167,33961,1206,3,35477,34234,1243,4,35706,34511,1195,3,36498,35380,1118,3,36742,34955,1787,5,37256,36149,1107,3,60664,105
30051,MT,"Liberty County, MT",986,959,27,3,988,956,32,3,985,955,30,3,968,944,24,3,957,932,25,3,972,946,26,3,983,959,24,2,53415,93
30053,MT,"Lincoln County, MT",7824,7015,809,10,7940,7200,740,9,7951,7271,680,9,8145,7540,605,7,8222,7610,612,7,8119,7308,811,10,8100,7617,483,6,42501,74
30055,MT,"McCone County, MT",1062,1038,24,2,1042,1021,21,2,1028,1006,22,2,975,957,18,2,962,943,19,2,959,932,27,3,968,951,17,2,46755,81
30057,MT,"Madison County, MT",4288,4129,159,4,4412,4239,173,4,4421,4246,175,4,4614,4448,166,4,4835,4676,159,3,4686,4454,232,5,4743,4592,151,3,58201,101
30059,MT,"Meagher County, MT",936,901,35,4,915,877,38,4,935,894,41,4,964,927,37,4,970,936,34,4,959,915,44,5,988,963,25,3,43666,76
30061,MT,"Mineral County, MT",1731,1582,149,9,1688,1556,132,8,1698,1569,129,8,1734,1609,125,7,1792,1688,104,6,1788,1609,179,10,1871,1772,99,5,57169,99
30063,MT,"Missoula County, MT",60542,58102,2440,4,61361,58972,2389,4,62734,60431,2303,4,63737,61603,2134,3,64851,62715,2136,3,64525,60562,3963,6,65104,62920,2184,3,63409,110
30065,MT,"Musselshell County, MT",2410,2304,106,4,2294,2172,122,5,2305,2200,105,5,2302,2203,99,4,2304,2213,91,4,2340,2200,140,6,2354,2255,99,4,50533,88
30067,MT,"Park County, MT",8304,7895,409,5,8406,8032,374,4,8679,8334,345,4,8920,8576,344,4,9071,8755,316,4,9008,8354,654,7,9253,8926,327,4,56657,98
30069,MT,"Petroleum County, MT",284,269,15,5,277,264,13,5,294,281,13,4,284,272,12,4,270,260,10,4,271,262,9,3,271,264,7,3,38661,67
30071,MT,"Phillips County, MT",1979,1876,103,5,1935,1829,106,6,1904,1816,88,5,1920,1833,87,5,1901,1829,72,4,1896,1805,91,5,1852,1782,70,4,46821,81
30073,MT,"Pondera County, MT",2867,2736,131,5,2864,2739,125,4,2758,2651,107,4,2740,2629,111,4,2710,2607,103,4,2671,2543,128,5,2633,2549,84,3,49447,86
30075,MT,"Powder River County, MT",1056,1028,28,3,1066,1040,26,2,1012,986,26,3,976,948,28,3,968,945,23,2,966,936,30,3,977,951,26,3,60462,105
30077,MT,"Powell County, MT",2962,2827,135,5,2868,2718,150,5,2907,2779,128,4,2942,2819,123,4,2998,2886,112,4,2928,2793,135,5,2979,2903,76,3,52904,92
30079,MT,"Prairie County, MT",529,507,22,4,526,508,18,3,489,471,18,4,491,473,18,4,480,462,18,4,471,440,31,7,494,476,18,4,48577,84
30081,MT,"Ravalli County, MT",19235,18206,1029,5,19569,18594,975,5,19903,18956,947,5,20120,19271,849,4,20594,19736,858,4,20848,19667,1181,6,21330,20564,766,4,58781,102
30083,MT,"Richland County, MT",6881,6653,228,3,6213,5893,320,5,6014,5781,233,4,5929,5746,183,3,5951,5790,161,3,5964,5591,373,6,5887,5651,236,4,69169,120
30085,MT,"Roosevelt County, MT",4696,4443,253,5,4687,4428,259,6,4599,4382,217,5,4509,4303,206,5,4569,4368,201,4,4449,4188,261,6,4330,4146,184,4,43256,75
30087,MT,"Rosebud County, MT",4180,3950,230,6,4107,3874,233,6,4049,3837,212,5,3900,3693,207,5,3877,3678,199,5,3742,3535,207,6,3575,3432,143,4,54991,95
30089,MT,"Sanders County, MT",4710,4309,401,9,4758,4377,381,8,4813,4473,340,7,4822,4513,309,6,4958,4659,299,6,5090,4700,390,8,5206,4955,251,5,45805,79
30091,MT,"Sheridan County, MT",2075,2022,53,3,1958,1892,66,3,1874,1823,51,3,1772,1731,41,2,1759,1719,40,2,1764,1681,83,5,1784,1725,59,3,50658,88
30093,MT,"Silver Bow County, MT",17140,16385,755,4,17184,16421,763,4,17252,16517,735,4,17391,16687,704,4,17460,16784,676,4,17366,16244,1122,7,17489,16854,635,4,54324,94
30095,MT,"Stillwater County, MT",4933,4743,190,4,4808,4609,199,4,4873,4683,190,4,4984,4813,171,3,5293,5124,169,3,5374,5108,266,5,5499,5340,159,3,73044,127
30097,MT,"Sweet Grass County, MT",1790,1738,52,3,1796,1738,58,3,1807,1750,57,3,1790,1735,55,3,1833,1781,52,3,1858,1793,65,4,1904,1859,45,2,58746,102
30099,MT,"Teton County, MT",2891,2777,114,4,2828,2722,106,4,2797,2686,111,4,2721,2629,92,3,2786,2693,93,3,2791,2672,119,4,2820,2732,88,3,55399,96
30101,MT,"Toole County, MT",2299,2219,80,4,2224,2144,80,4,2162,2096,66,3,2148,2093,55,3,2144,2092,52,2,2149,2046,103,5,2056,2003,53,3,49568,86
30103,MT,"Treasure County, MT",357,339,18,5,353,337,16,5,342,329,13,4,336,326,10,3,345,335,10,3,341,329,12,4,346,335,11,3,56919,99
30105,MT,"Valley County, MT",4392,4250,142,3,4400,4246,154,4,4185,4046,139,3,4156,4029,127,3,4155,4021,134,3,4084,3911,173,4,4044,3918,126,3,46766,81
30107,MT,"Wheatland County, MT",788,744,44,6,797,755,42,5,789,754,35,4,807,767,40,5,773,744,29,4,762,709,53,7,760,720,40,5,39462,68
30109,MT,"Wibaux County, MT",546,528,18,3,513,492,21,4,486,470,16,3,470,453,17,4,460,446,14,3,450,428,22,5,423,407,16,4,51368,89
30111,MT,"Yellowstone County, MT",80797,78046,2751,3,81129,78099,3030,4,81822,78912,2910,4,82294,79543,2751,3,83093,80365,2728,3,83644,79187,4457,5,84311,81654,2657,3,58374,101
31001,NE,"Adams County, NE",16677,16157,520,3,16749,16226,523,3,16775,16249,526,3,16738,16242,496,3,16973,16434,539,3,17032,16364,668,4,16942,16539,403,2,54445,84
31003,NE,"Antelope County, NE",3610,3517,93,3,3613,3519,94,3,3595,3505,90,3,3605,3516,89,3,3631,3540,91,3,3932,3847,85,2,3693,3632,61,2,54136,84
31005,NE,"Arthur County, NE",225,215,10,4,228,215,13,6,223,210,13,6,223,212,11,5,231,218,13,6,234,222,12,5,234,228,6,3,52500,81
31007,NE,"Banner County, NE",442,427,15,3,420,405,15,4,393,379,14,4,384,370,14,4,384,370,14,4,392,381,11,3,389,381,8,2,59511,92
31009,NE,"Blaine County, NE",269,257,12,5,267,255,12,5,264,252,12,5,263,251,12,5,259,246,13,5,255,246,9,4,248,242,6,2,52780,82
31011,NE,"Boone County, NE",3024,2950,74,2,3021,2942,79,3,2956,2883,73,3,2942,2875,67,2,2994,2913,81,3,2954,2882,72,2,2964,2916,48,2,56719,88
31013,NE,"Box Butte County, NE",5683,5513,170,3,5675,5472,203,4,5478,5295,183,3,5458,5301,157,3,5474,5300,174,3,5404,5155,249,5,5483,5349,134,2,62621,97
31015,NE,"Boyd County, NE",1093,1064,29,3,1105,1072,33,3,1089,1052,37,3,1087,1054,33,3,1090,1054,36,3,1057,1028,29,3,1040,1019,21,2,51082,79
31017,NE,"Brown County, NE",1400,1348,52,4,1388,1337,51,4,1415,1368,47,3,1403,1355,48,3,1414,1363,51,4,1422,1384,38,3,1436,1403,33,2,52962,82
31019,NE,"Buffalo County, NE",27245,26582,663,2,27371,26687,684,3,27526,26850,676,3,28009,27333,676,2,28163,27429,734,3,27865,26768,1097,4,28178,27617,561,2,68925,107
31021,NE,"Burt County, NE",3624,3493,131,4,3566,3435,131,4,3537,3406,131,4,3500,3379,121,4,3537,3418,119,3,3594,3458,136,4,3680,3590,90,2,51488,80
31023,NE,"Butler County, NE",4757,4625,132,3,4652,4503,149,3,4606,4476,130,3,4594,4484,110,2,4673,4552,121,3,4624,4470,154,3,4707,4605,102,2,63640,98
31025,NE,"Cass County, NE",13123,12688,435,3,13217,12774,443,3,13289,12864,425,3,13465,13051,414,3,13691,13230,461,3,13474,12899,575,4,13554,13192,362,3,70106,108
31027,NE,"Cedar County, NE",4660,4550,110,2,4595,4478,117,3,4511,4409,102,2,4516,4409,107,2,4575,4461,114,3,4563,4442,121,3,4665,4582,83,2,61673,95
31029,NE,"Chase County, NE",2348,2303,45,2,2304,2257,47,2,2325,2281,44,2,2299,2248,51,2,2300,2249,51,2,2289,2250,39,2,2263,2227,36,2,61282,95
31031,NE,"Cherry County, NE",3463,3384,79,2,3491,3412,79,2,3423,3343,80,2,3369,3294,75,2,3406,3325,81,2,3400,3318,82,2,3473,3418,55,2,53483,83
31033,NE,"Cheyenne County, NE",5770,5645,125,2,5483,5329,154,3,5147,4997,150,3,4747,4611,136,3,4436,4276,160,4,4287,4102,185,4,4261,4142,119,3,55172,85
31035,NE,"Clay County, NE",3387,3289,98,3,3340,3237,103,3,3308,3204,104,3,3282,3177,105,3,3333,3227,106,3,3303,3197,106,3,3259,3185,74,2,63427,98
31037,NE,"Colfax County, NE",5572,5427,145,3,5582,5424,158,3,5651,5513,138,2,5647,5508,139,3,5650,5498,152,3,5676,5516,160,3,5728,5619,109,2,63424,98
31039,NE,"Cuming County, NE",4858,4730,128,3,4742,4606,136,3,4774,4643,131,3,4738,4617,121,3,4801,4677,124,3,4890,4769,121,3,4939,4857,82,2,54725,85
31041,NE,"Custer County, NE",6309,6169,140,2,6387,6238,149,2,6444,6303,141,2,6486,6345,141,2,6486,6332,154,2,6428,6257,171,3,6421,6319,102,2,57873,89
31043,NE,"Dakota County, NE",11038,10649,389,4,10969,10515,454,4,10733,10292,441,4,10787,10395,392,4,10862,10441,421,4,10716,10212,504,5,10823,10494,329,3,61220,95
31045,NE,"Dawes County, NE",5271,5135,136,3,5243,5089,154,3,5210,5066,144,3,5071,4934,137,3,5044,4901,143,3,4985,4850,135,3,5020,4925,95,2,52637,81
31047,NE,"Dawson County, NE",13115,12700,415,3,13037,12653,384,3,13060,12681,379,3,13070,12697,373,3,13229,12834,395,3,13449,13000,449,3,13607,13317,290,2,61043,94
31049,NE,"Deuel County, NE",1079,1052,27,3,1067,1039,28,3,1045,1018,27,3,970,941,29,3,966,937,29,3,967,937,30,3,977,956,21,2,51261,79
31051,NE,"Dixon County, NE",3094,2992,102,3,3086,2984,102,3,3043,2947,96,3,3043,2948,95,3,3026,2934,92,3,2957,2862,95,3,2986,2922,64,2,60437,93
31053,NE,"Dodge County, NE",19171,18548,623,3,19237,18649,588,3,19536,18981,555,3,19606,19048,558,3,19871,19293,578,3,20304,19609,695,3,20420,19940,480,2,62491,97
31055,NE,"Douglas County, NE",287891,278389,9502,3,289613,280038,9575,3,293773,284301,9472,3,297765,288281,9484,3,303415,293488,9927,3,302384,287388,14996,5,303368,294193,9175,3,65788,102
31057,NE,"Dundy County, NE",1201,1176,25,2,1202,1176,26,2,1192,1163,29,2,1162,1136,26,2,1166,1137,29,3,1168,1143,25,2,1171,1152,19,2,50299,78
31059,NE,"Fillmore County, NE",3221,3126,95,3,3201,3113,88,3,3134,3055,79,3,3177,3096,81,3,3203,3121,82,3,3203,3116,87,3,3291,3227,64,2,59309,92
31061,NE,"Franklin County, NE",1517,1481,36,2,1509,1464,45,3,1490,1445,45,3,1488,1442,46,3,1499,1450,49,3,1480,1431,49,3,1505,1472,33,2,49104,76
31063,NE,"Frontier County, NE",1538,1501,37,2,1578,1534,44,3,1575,1535,40,3,1530,1490,40,3,1631,1579,52,3,1556,1512,44,3,1576,1549,27,2,59061,91
31065,NE,"Furnas County, NE",2739,2667,72,3,2731,2655,76,3,2702,2636,66,2,2651,2581,70,3,2612,2540,72,3,2616,2546,70,3,2583,2534,49,2,50762,78
31067,NE,"Gage County, NE",11090,10689,401,4,11112,10749,363,3,11062,10672,390,4,11048,10690,358,3,11144,10750,394,4,10973,10542,431,4,10945,10679,266,2,61283,95
31069,NE,"Garden County, NE",1201,1172,29,2,1194,1155,39,3,1201,1167,34,3,1195,1165,30,3,1107,1075,32,3,1082,1044,38,4,1119,1096,23,2,41221,64
31071,NE,"Garfield County, NE",1198,1169,29,2,1162,1133,29,3,1168,1137,31,3,1176,1147,29,3,1163,1132,31,3,1162,1139,23,2,1151,1128,23,2,49951,77
31073,NE,"Gosper County, NE",1078,1052,26,2,1062,1035,27,3,1055,1026,29,3,1069,1041,28,3,1112,1083,29,3,1113,1085,28,3,1211,1191,20,2,62698,97
31075,NE,"Grant County, NE",437,427,10,2,455,445,10,2,443,433,10,2,423,412,11,3,414,403,11,3,420,412,8,2,428,422,6,1,62487,97
31077,NE,"Greeley County, NE",1253,1214,39,3,1241,1203,38,3,1232,1194,38,3,1224,1191,33,3,1238,1201,37,3,1240,1204,36,3,1240,1217,23,2,50068,77
31079,NE,"Hall County, NE",31717,30471,1246,4,31581,30429,1152,4,31887,30781,1106,4,32203,31159,1044,3,32296,31164,1132,4,32215,30403,1812,6,32501,31559,942,3,54110,84
31081,NE,"Hamilton County, NE",4690,4556,134,3,4679,4549,130,3,4725,4605,120,3,4793,4672,121,3,4865,4719,146,3,4778,4604,174,4,4856,4754,102,2,73759,114
31083,NE,"Harlan County, NE",1793,1755,38,2,1767,1723,44,3,1789,1743,46,3,1789,1746,43,2,1800,1750,50,3,1753,1704,49,3,1797,1763,34,2,55010,85
31085,NE,"Hayes County, NE",618,604,14,2,593,579,14,2,577,563,14,2,605,592,13,2,624,608,16,3,634,620,14,2,617,609,8,1,54280,84
31087,NE,"Hitchcock County, NE",1326,1283,43,3,1313,1266,47,4,1274,1230,44,4,1268,1224,44,4,1273,1231,42,3,1322,1277,45,3,1325,1295,30,2,48475,75
31089,NE,"Holt County, NE",5890,5750,140,2,5892,5747,145,3,5805,5662,143,3,5802,5651,151,3,5800,5651,149,3,5771,5632,139,2,5736,5636,100,2,56777,88
31091,NE,"Hooker County, NE",406,389,17,4,394,380,14,4,399,384,15,4,405,390,15,4,423,411,12,3,410,399,11,3,430,423,7,2,53234,82
31093,NE,"Howard County, NE",3322,3201,121,4,3318,3209,109,3,3349,3246,103,3,3387,3282,105,3,3408,3288,120,4,3403,3258,145,4,3439,3364,75,2,54291,84
31095,NE,"Jefferson County, NE",4291,4175,116,3,4245,4143,102,2,4235,4131,104,3,4197,4090,107,3,4194,4080,114,3,4236,4123,113,3,4230,4155,75,2,55414,86
31097,NE,"Johnson County, NE",2132,2062,70,3,2103,2037,66,3,2095,2023,72,3,2095,2019,76,4,2085,2014,71,3,2078,1998,80,4,2014,1956,58,3,55062,85
31099,NE,"Kearney County, NE",3807,3723,84,2,3761,3673,88,2,3791,3706,85,2,3795,3715,80,2,3832,3746,86,2,3842,3721,121,3,3843,3775,68,2,62260,96
31101,NE,"Keith County, NE",4702,4577,125,3,4643,4509,134,3,4633,4491,142,3,4594,4453,141,3,4664,4513,151,3,4667,4521,146,3,4685,4590,95,2,57307,89
31103,NE,"Keya Paha County, NE",663,649,14,2,623,610,13,2,612,597,15,3,600,587,13,2,593,578,15,3,585,572,13,2,590,580,10,2,47053,73
31105,NE,"Kimball County, NE",2059,1986,73,4,1982,1902,80,4,1991,1934,57,3,2040,1984,56,3,2051,1990,61,3,1986,1917,69,4,1960,1916,44,2,46782,72
31107,NE,"Knox County, NE",4736,4585,151,3,4745,4601,144,3,4734,4569,165,4,4680,4533,147,3,4661,4522,139,3,4689,4551,138,3,4735,4638,97,2,51296,79
31109,NE,"Lancaster County, NE",168174,163746,4428,3,169981,165281,4700,3,172124,167501,4623,3,176561,171912,4649,3,179477,174514,4963,3,178390,171029,7361,4,178631,174272,4359,2,65819,102
31111,NE,"Lincoln County, NE",18611,18073,538,3,18815,18238,577,3,18625,18051,574,3,18486,17919,567,3,18536,17900,636,3,18536,17821,715,4,18596,18187,409,2,62948,97
31113,NE,"Logan County, NE",495,480,15,3,486,472,14,3,475,462,13,3,470,456,14,3,478,464,14,3,476,464,12,3,471,463,8,2,56283,87
31115,NE,"Loup County, NE",379,366,13,3,398,384,14,4,402,390,12,3,402,389,13,3,420,403,17,4,409,396,13,3,400,392,8,2,56291,87
31117,NE,"McPherson County, NE",462,453,9,2,466,455,11,2,456,446,10,2,447,435,12,3,450,439,11,2,443,432,11,3,433,426,7,2,54876,85
31119,NE,"Madison County, NE",19284,18757,527,3,19266,18738,528,3,19434,18918,516,3,19668,19160,508,3,20060,19503,557,3,19813,19073,740,4,20079,19598,481,2,56970,88
31121,NE,"Merrick County, NE",4043,3893,150,4,4056,3910,146,4,4092,3977,115,3,4041,3925,116,3,4089,3958,131,3,4082,3925,157,4,4148,4051,97,2,58437,90
31123,NE,"Morrill County, NE",2661,2585,76,3,2663,2579,84,3,2631,2552,79,3,2610,2538,72,3,2635,2560,75,3,2639,2547,92,4,2641,2576,65,3,54879,85
31125,NE,"Nance County, NE",2073,2022,51,3,2011,1956,55,3,2037,1986,51,3,2031,1981,50,3,2007,1946,61,3,1975,1913,62,3,1972,1934,38,2,52534,81
31127,NE,"Nemaha County, NE",3704,3569,135,4,3637,3505,132,4,3637,3494,143,4,3648,3520,128,4,3667,3534,133,4,3625,3498,127,4,3662,3581,81,2,55574,86
31129,NE,"Nuckolls County, NE",2391,2330,61,3,2380,2311,69,3,2383,2319,64,3,2403,2337,66,3,2424,2358,66,3,2478,2412,66,3,2501,2455,46,2,60636,94
31131,NE,"Otoe County, NE",8232,7961,271,3,8307,8026,281,3,8232,7954,278,3,8244,8003,241,3,8512,8242,270,3,8451,8157,294,4,8597,8399,198,2,68443,106
31133,NE,"Pawnee County, NE",1678,1635,43,3,1663,1626,37,2,1517,1471,46,3,1488,1449,39,3,1493,1451,42,3,1503,1463,40,3,1529,1501,28,2,49089,76
31135,NE,"Perkins County, NE",1842,1808,34,2,1830,1790,40,2,1823,1788,35,2,1837,1801,36,2,1839,1798,41,2,1861,1828,33,2,1874,1848,26,1,58925,91
31137,NE,"Phelps County, NE",5013,4893,120,2,4957,4833,124,3,4950,4834,116,2,4937,4823,114,2,5033,4901,132,3,5011,4866,145,3,4972,4885,87,2,61442,95
31139,NE,"Pierce County, NE",4183,4077,106,3,4168,4059,109,3,4155,4041,114,3,4140,4029,111,3,4149,4038,111,3,4176,4044,132,3,4193,4104,89,2,56484,87
31141,NE,"Platte County, NE",17209,16698,511,3,17068,16476,592,4,17406,16900,506,3,17592,17111,481,3,17898,17376,522,3,17945,17295,650,4,18327,17934,393,2,62776,97
31143,NE,"Polk County, NE",2921,2847,74,3,2898,2821,77,3,2919,2849,70,2,2924,2853,71,2,2956,2874,82,3,2947,2860,87,3,2951,2896,55,2,59159,91
31145,NE,"Red Willow County, NE",6126,5965,161,3,6009,5840,169,3,5894,5743,151,3,5892,5749,143,2,5921,5761,160,3,5886,5700,186,3,5869,5752,117,2,55657,86
31147,NE,"Richardson County, NE",4317,4179,138,3,4261,4124,137,3,4251,4111,140,3,4281,4149,132,3,4292,4156,136,3,4239,4104,135,3,4294,4192,102,2,51874,80
31149,NE,"Rock County, NE",862,839,23,3,896,873,23,3,913,889,24,3,896,874,22,3,881,854,27,3,889,871,18,2,890,878,12,1,48461,75
31151,NE,"Saline County, NE",7308,7094,214,3,7391,7164,227,3,7463,7231,232,3,7504,7273,231,3,7475,7232,243,3,7376,7116,260,4,7302,7134,168,2,63655,98
31153,NE,"Sarpy County, NE",91004,88454,2550,3,92568,89882,2686,3,94047,91389,2658,3,95959,93301,2658,3,98488,95644,2844,3,97907,93989,3918,4,98538,96195,2343,2,83104,128
31155,NE,"Saunders County, NE",10970,10634,336,3,10935,10600,335,3,10937,10627,310,3,11122,10806,316,3,11376,11060,316,3,11383,10977,406,4,11484,11229,255,2,72526,112
31157,NE,"Scotts Bluff County, NE",18734,18102,632,3,18951,18290,661,4,18557,17913,644,4,18586,17969,617,3,18475,17796,679,4,18278,17534,744,4,18154,17654,500,3,53956,83
31159,NE,"Seward County, NE",8731,8478,253,3,8802,8551,251,3,8695,8458,237,3,8890,8653,237,3,8985,8721,264,3,8847,8492,355,4,8854,8636,218,3,72456,112
31161,NE,"Sheridan County, NE",2741,2667,74,3,2753,2675,78,3,2739,2666,73,3,2705,2635,70,3,2708,2634,74,3,2735,2671,64,2,2755,2705,50,2,52051,80
31163,NE,"Sherman County, NE",1715,1665,50,3,1726,1671,55,3,1709,1659,50,3,1711,1665,46,3,1696,1641,55,3,1678,1626,52,3,1701,1666,35,2,49684,77
31165,NE,"Sioux County, NE",791,771,20,3,788,767,21,3,762,739,23,3,749,729,20,3,751,730,21,3,767,750,17,2,770,756,14,2,51831,80
31167,NE,"Stanton County, NE",3518,3429,89,3,3460,3370,90,3,3509,3409,100,3,3516,3427,89,3,3551,3460,91,3,3556,3441,115,3,3620,3544,76,2,64087,99
31169,NE,"Thayer County, NE",2978,2908,70,2,2919,2848,71,2,2889,2823,66,2,2882,2816,66,2,2815,2742,73,3,2790,2715,75,3,2690,2644,46,2,55775,86
31171,NE,"Thomas County, NE",437,424,13,3,451,436,15,3,440,426,14,3,441,428,13,3,432,416,16,4,430,413,17,4,430,419,11,3,55599,86
31173,NE,"Thurston County, NE",2982,2824,158,5,2995,2852,143,5,3042,2889,153,5,3006,2881,125,4,3082,2943,139,5,3125,2967,158,5,3195,3088,107,3,49148,76
31175,NE,"Valley County, NE",2071,2013,58,3,2104,2045,59,3,2130,2073,57,3,2102,2040,62,3,2154,2085,69,3,2142,2082,60,3,2119,2075,44,2,55542,86
31177,NE,"Washington County, NE",10980,10651,329,3,11169,10813,356,3,11248,10895,353,3,11219,10895,324,3,11370,11040,330,3,11268,10865,403,4,11364,11102,262,2,78844,122
31179,NE,"Wayne County, NE",5563,5421,142,3,5656,5506,150,3,5706,5568,138,2,5747,5603,144,3,5832,5680,152,3,5715,5557,158,3,5737,5627,110,2,64569,100
31181,NE,"Webster County, NE",1732,1671,61,4,1722,1668,54,3,1678,1628,50,3,1662,1614,48,3,1691,1633,58,3,1663,1602,61,4,1660,1626,34,2,52115,81
31183,NE,"Wheeler County, NE",564,551,13,2,569,557,12,2,589,576,13,2,579,565,14,2,573,558,15,3,569,559,10,2,563,556,7,1,52154,81
31185,NE,"York County, NE",7368,7155,213,3,7365,7166,199,3,7395,7204,191,3,7378,7188,190,3,7384,7189,195,3,7327,7086,241,3,7338,7195,143,2,63249,98
32001,NV,"Churchill County, NV",10276,9545,731,7,10304,9724,580,6,10445,9978,467,5,10945,10528,417,4,11065,10663,402,4,11045,10411,634,6,11230,10839,391,4,61650,95
32003,NV,"Clark County, NV",1027290,956238,71052,7,1040292,978799,61493,6,1060593,1005370,55223,5,1093988,1043615,50373,5,1131564,1084237,47327,4,1104388,932852,171536,16,1100264,1009020,91244,8,62496,97
32005,NV,"Douglas County, NV",22244,20730,1514,7,22069,20810,1259,6,22201,21131,1070,5,22747,21798,949,4,23218,22283,935,4,22104,20130,1974,9,22047,21046,1001,5,84317,131
32007,NV,"Elko County, NV",26478,25097,1381,5,26709,25497,1212,5,26567,25588,979,4,27260,26419,841,3,27322,26491,831,3,26086,24551,1535,6,25803,24939,864,3,73914,114
32009,NV,"Esmeralda County, NV",520,497,23,4,511,487,24,5,481,461,20,4,421,400,21,5,460,443,17,4,417,395,22,5,426,410,16,4,35395,55
32011,NV,"Eureka County, NV",986,928,58,6,980,935,45,5,1036,1005,31,3,1086,1059,27,3,1099,1072,27,3,1019,983,36,4,1053,1026,27,3,68806,107
32013,NV,"Humboldt County, NV",8191,7694,497,6,7990,7545,445,6,7987,7648,339,4,8005,7739,266,3,8336,8089,247,3,8005,7603,402,5,8158,7879,279,3,72907,113
32015,NV,"Lander County, NV",3193,2975,218,7,3106,2909,197,6,3085,2945,140,5,3121,3012,109,4,3235,3131,104,3,3128,2974,154,5,3180,3066,114,4,80894,125
32017,NV,"Lincoln County, NV",1920,1802,118,6,1969,1863,106,5,1997,1902,95,5,2049,1961,88,4,2136,2051,85,4,2025,1922,103,5,2151,2078,73,3,60180,93
32019,NV,"Lyon County, NV",21287,19251,2036,10,21106,19500,1606,8,21479,20190,1289,6,22172,20999,1173,5,23210,22069,1141,5,22635,20617,2018,9,23425,22197,1228,5,63162,98
32021,NV,"Mineral County, NV",1613,1448,165,10,1994,1866,128,6,1963,1856,107,6,1956,1856,100,5,2087,2004,83,4,2107,1985,122,6,2078,1999,79,4,50069,78
32023,NV,"Nye County, NV",15802,14399,1403,9,15905,14721,1184,7,15988,14962,1026,6,16581,15659,922,6,17305,16391,914,5,17371,15604,1767,10,17290,16230,1060,6,52783,82
32027,NV,"Pershing County, NV",2429,2259,170,7,2439,2293,146,6,2520,2404,116,5,2561,2458,103,4,2608,2503,105,4,2559,2436,123,5,2633,2539,94,4,65000,101
32029,NV,"Storey County, NV",1853,1714,139,8,1891,1770,121,6,1898,1803,95,5,1977,1893,84,4,2054,1975,79,4,2009,1838,171,9,2050,1955,95,5,73271,113
32031,NV,"Washoe County, NV",223392,209279,14113,6,227991,216417,11574,5,236461,226656,9805,4,247905,239242,8663,4,255215,246719,8496,3,247852,227627,20225,8,252682,241797,10885,4,75232,116
32033,NV,"White Pine County, NV",4685,4429,256,6,4448,4238,210,5,4424,4244,180,4,4546,4385,161,4,4672,4530,142,3,4542,4350,192,4,4628,4487,141,3,57923,90
32510,NV,"Carson City, NV",24601,22808,1793,7,24529,23017,1512,6,25143,23882,1261,5,25512,24349,1163,5,26185,25124,1061,4,25557,23362,2195,9,25665,24434,1231,5,58382,90
33001,NH,"Belknap County, NH",31646,30580,1066,3,31427,30536,891,3,31267,30407,860,3,31463,30638,825,3,31696,30879,817,3,30922,28750,2172,7,31024,29882,1142,4,76105,94
33003,NH,"Carroll County, NH",23833,22997,836,4,23702,23003,699,3,23675,23019,656,3,23854,23226,628,3,24085,23461,624,3,22990,21209,1781,8,23067,22185,882,4,73073,90
33005,NH,"Cheshire County, NH",41610,40280,1330,3,41458,40323,1135,3,41174,40065,1109,3,40992,39910,1082,3,40867,39780,1087,3,39589,37126,2463,6,39426,37904,1522,4,66398,82
33007,NH,"Coos County, NH",14844,14190,654,4,14662,14109,553,4,14540,14020,520,4,14686,14197,489,3,14774,14296,478,3,14229,13091,1138,8,14322,13689,633,4,49465,61
33009,NH,"Grafton County, NH",48731,47378,1353,3,48813,47659,1154,2,49540,48412,1128,2,49679,48600,1079,2,49782,48658,1124,2,47865,45034,2831,6,48491,46882,1609,3,77022,95
33011,NH,"Hillsborough County, NH",230126,221822,8304,4,232312,225276,7036,3,235223,228253,6970,3,239623,233073,6550,3,243727,237190,6537,3,239777,222896,16881,7,237144,228610,8534,4,79222,97
33013,NH,"Merrimack County, NH",81434,78901,2533,3,82037,79943,2094,3,82459,80429,2030,3,83502,81575,1927,2,84141,82202,1939,2,82373,77539,4834,6,81221,78615,2606,3,81132,100
33015,NH,"Rockingham County, NH",179022,172520,6502,4,181925,176410,5515,3,184018,178435,5583,3,186485,181129,5356,3,189328,184075,5253,3,185899,172685,13214,7,185013,178612,6401,4,96775,119
33017,NH,"Strafford County, NH",71360,69110,2250,3,72514,70666,1848,3,72879,71060,1819,3,74034,72271,1763,2,74807,73011,1796,2,73209,68574,4635,6,72806,70416,2390,3,72817,89
33019,NH,"Sullivan County, NH",23714,23057,657,3,23626,23075,551,2,23357,22818,539,2,23308,22794,514,2,23259,22715,544,2,22917,21664,1253,6,22909,22147,762,3,65881,81
34001,NJ,"Atlantic County, NJ",126239,114279,11960,10,122855,113793,9062,7,122687,113992,8695,7,123520,116516,7004,6,126175,120115,6060,5,124180,102874,21306,17,123181,111516,11665,10,61377,71
34003,NJ,"Bergen County, NJ",480273,457997,22276,5,480916,460970,19946,4,492960,474208,18752,4,493894,477681,16213,3,502366,488445,13921,3,494483,448791,45692,9,493303,463475,29828,6,107114,123
34005,NJ,"Burlington County, NJ",229643,217476,12167,5,230410,220184,10226,4,237722,228177,9545,4,236181,227635,8546,4,240664,233163,7501,3,239256,220269,18987,8,242242,229429,12813,5,92471,106
34007,NJ,"Camden County, NJ",252080,235944,16136,6,252853,239027,13826,6,261449,248410,13039,5,259479,247900,11579,5,263710,253535,10175,4,264683,238958,25725,10,266839,248814,18025,7,71718,82
34009,NJ,"Cape May County, NJ",48008,42733,5275,11,46780,42204,4576,10,47648,43332,4316,9,47243,43385,3858,8,47702,44433,3269,7,45776,39544,6232,14,47377,43177,4200,9,75829,87
34011,NJ,"Cumberland County, NJ",67376,61495,5881,9,66489,61546,4943,7,67532,62922,4610,7,67059,62889,4170,6,67882,64344,3538,5,68560,61463,7097,10,68943,63655,5288,8,60352,69
34013,NJ,"Essex County, NJ",371928,346533,25395,7,369898,347867,22031,6,381045,359991,21054,6,379747,360905,18842,5,385558,369214,16344,4,387319,343539,43780,11,385997,355103,30894,8,65528,75
34015,NJ,"Gloucester County, NJ",147986,139106,8880,6,149058,141551,7507,5,154014,146898,7116,5,153473,147232,6241,4,156379,150907,5472,4,156923,142899,14024,9,158303,148799,9504,6,87220,100
34017,NJ,"Hudson County, NJ",359524,340432,19092,5,360730,344004,16726,5,373519,357634,15885,4,370381,356625,13756,4,376163,364450,11713,3,373057,334859,38198,10,371044,345672,25372,7,77323,89
34019,NJ,"Hunterdon County, NJ",65006,62282,2724,4,64574,62163,2411,4,65868,63591,2277,4,66234,64187,2047,3,67383,65629,1754,3,65783,61218,4565,7,66384,63356,3028,5,113611,130
34021,NJ,"Mercer County, NJ",197628,187904,9724,5,198847,190295,8552,4,204042,195887,8155,4,206705,199513,7192,4,211808,205453,6355,3,211423,196139,15284,7,212752,201755,10997,5,87581,101
34023,NJ,"Middlesex County, NJ",435900,413742,22158,5,437739,418503,19236,4,452408,434331,18077,4,450549,434819,15730,4,456287,442757,13530,3,447472,409364,38108,9,453161,427204,25957,6,95610,110
34025,NJ,"Monmouth County, NJ",326367,309683,16684,5,327641,313165,14476,4,336172,322602,13570,4,337138,325256,11882,4,341980,331651,10329,3,336908,308005,28903,9,340535,321712,18823,6,104219,120
34027,NJ,"Morris County, NJ",259938,248715,11223,4,259361,249294,10067,4,264364,254986,9378,4,263758,255505,8253,3,267542,260411,7131,3,261110,241500,19610,8,262719,249661,13058,5,114103,131
34029,NJ,"Ocean County, NJ",265533,249320,16213,6,268831,254901,13930,5,277823,264758,13065,5,282342,270779,11563,4,289829,279736,10093,4,289421,263021,26400,9,292150,274713,17437,6,78181,90
34031,NJ,"Passaic County, NJ",246856,229613,17243,7,244584,229603,14981,6,250172,236165,14007,6,248727,236540,12187,5,252768,242385,10383,4,253121,222250,30871,12,250345,229429,20916,8,64422,74
34033,NJ,"Salem County, NJ",30790,28554,2236,7,30073,28162,1911,6,30191,28370,1821,6,29880,28308,1572,5,30422,29024,1398,5,30482,27661,2821,9,30386,28158,2228,7,65563,75
34035,NJ,"Somerset County, NJ",172921,165130,7791,5,172875,165923,6952,4,176740,170185,6555,4,176026,170228,5798,3,178277,173194,5083,3,174041,160966,13075,8,175249,166372,8877,5,115573,133
34037,NJ,"Sussex County, NJ",76012,71918,4094,5,75182,71667,3515,5,75942,72659,3283,4,75983,73110,2873,4,77275,74754,2521,3,76156,69247,6909,9,76170,71642,4528,6,92739,107
34039,NJ,"Union County, NJ",277921,261341,16580,6,276619,262443,14176,5,285104,271857,13247,5,284367,272640,11727,4,288467,278358,10109,4,285238,257873,27365,10,285486,266463,19023,7,83189,96
34041,NJ,"Warren County, NJ",56676,53677,2999,5,56509,53937,2572,5,57554,55197,2357,4,57090,54966,2124,4,58065,56211,1854,3,57556,52839,4717,8,58523,55292,3231,6,80412,92
35001,NM,"Bernalillo County, NM",324436,305108,19328,6,329282,309914,19368,6,332042,314092,17950,5,332444,317570,14874,5,336903,321688,15215,5,328702,303245,25457,8,334378,313598,20780,6,56632,108
35003,NM,"Catron County, NM",1200,1099,101,8,1214,1115,99,8,1176,1095,81,7,1128,1056,72,6,1147,1074,73,6,1145,1063,82,7,1182,1109,73,6,27423,52
35005,NM,"Chaves County, NM",27901,26121,1780,6,28257,26338,1919,7,27762,25999,1763,6,27404,26085,1319,5,27597,26235,1362,5,27617,25452,2165,8,27776,25813,1963,7,51441,98
35006,NM,"Cibola County, NM",9334,8578,756,8,9379,8600,779,8,9206,8501,705,8,9012,8455,557,6,9080,8503,577,6,8968,8168,800,9,8875,8050,825,9,42705,82
35007,NM,"Colfax County, NM",6078,5709,369,6,5874,5517,357,6,5751,5411,340,6,5551,5282,269,5,5559,5297,262,5,5098,4747,351,7,5645,5313,332,6,43265,83
35009,NM,"Curry County, NM",22043,20954,1089,5,22136,21004,1132,5,22524,21457,1067,5,21811,20941,870,4,21869,20955,914,4,21910,20749,1161,5,22066,20979,1087,5,53864,103
35011,NM,"De Baca County, NM",856,812,44,5,839,799,40,5,857,818,39,5,772,738,34,4,797,763,34,4,694,662,32,5,682,647,35,5,42319,81
35013,NM,"Dona Ana County, NM",94974,87947,7027,7,96370,89390,6980,7,96802,90304,6498,7,97423,91928,5495,6,98941,93228,5713,6,96941,89187,7754,8,98170,91648,6522,7,46547,89
35015,NM,"Eddy County, NM",30009,28513,1496,5,28918,27013,1905,7,29475,27954,1521,5,31861,30809,1052,3,34843,33748,1095,3,33054,30859,2195,7,31522,29501,2021,6,66199,127
35017,NM,"Grant County, NM",12555,11733,822,7,12559,11740,819,7,12379,11635,744,6,12413,11818,595,5,12335,11738,597,5,11784,10764,1020,9,11457,10626,831,7,43557,83
35019,NM,"Guadalupe County, NM",1645,1527,118,7,1705,1593,112,7,1661,1554,107,6,1636,1547,89,5,1581,1497,84,5,1493,1395,98,7,1634,1520,114,7,38903,74
35021,NM,"Harding County, NM",288,263,25,9,280,260,20,7,284,267,17,6,281,266,15,5,270,258,12,4,276,265,11,4,281,268,13,5,39913,76
35023,NM,"Hidalgo County, NM",2150,2015,135,6,2219,2095,124,6,2154,2045,109,5,2233,2149,84,4,2107,2016,91,4,1913,1805,108,6,1888,1786,102,5,41858,80
35025,NM,"Lea County, NM",30113,28224,1889,6,27967,25359,2608,9,28133,26313,1820,7,30274,29031,1243,4,31555,30278,1277,4,29081,25974,3107,11,27957,25280,2677,10,66780,128
35027,NM,"Lincoln County, NM",8751,8240,511,6,8708,8184,524,6,8806,8327,479,5,8800,8402,398,5,9093,8669,424,5,8679,7925,754,9,8843,8183,660,8,49115,94
35028,NM,"Los Alamos County, NM",8558,8208,350,4,8862,8482,380,4,9221,8871,350,4,9192,8882,310,3,9657,9345,312,3,9788,9432,356,4,10035,9737,298,3,111724,214
35029,NM,"Luna County, NM",11130,9184,1946,18,10870,9283,1587,15,10657,9178,1479,14,10238,9034,1204,12,10474,9182,1292,12,10185,8590,1595,16,9989,8471,1518,15,39233,75
35031,NM,"McKinley County, NM",24475,22055,2420,10,24587,22260,2327,10,24556,22468,2088,9,24046,22354,1692,7,24444,22710,1734,7,23613,21250,2363,10,23454,21209,2245,10,35659,68
35033,NM,"Mora County, NM",2286,2062,224,10,2256,2057,199,9,2232,2057,175,8,2298,2159,139,6,2240,2103,137,6,2032,1873,159,8,1998,1874,124,6,40618,78
35035,NM,"Otero County, NM",25168,23594,1574,6,25674,24101,1573,6,25216,23695,1521,6,24918,23702,1216,5,25142,23878,1264,5,25226,23181,2045,8,25093,23434,1659,7,46735,89
35037,NM,"Quay County, NM",3293,3056,237,7,3235,3013,222,7,3289,3089,200,6,3242,3088,154,5,3248,3076,172,5,3035,2816,219,7,2956,2747,209,7,38389,73
35039,NM,"Rio Arriba County, NM",16709,15354,1355,8,16892,15617,1275,8,16973,15902,1071,6,16776,15910,866,5,16921,16015,906,5,16483,15191,1292,8,16592,15424,1168,7,47400,91
35041,NM,"Roosevelt County, NM",8095,7652,443,6,8130,7661,469,6,8082,7667,415,5,7900,7559,341,4,7936,7577,359,5,7824,7358,466,6,7904,7465,439,6,46351,89
35043,NM,"Sandoval County, NM",62492,58296,4196,7,64607,60300,4307,7,65261,61293,3968,6,66225,62980,3245,5,67742,64430,3312,5,66586,61164,5422,8,67732,63252,4480,7,71991,138
35045,NM,"San Juan County, NM",56002,52098,3904,7,54678,49824,4854,9,54555,50494,4061,7,52750,49735,3015,6,52486,49450,3036,6,50020,45217,4803,10,49527,45550,3977,8,44261,85
35047,NM,"San Miguel County, NM",11166,10299,867,8,11179,10310,869,8,11091,10279,812,7,11020,10373,647,6,10883,10246,637,6,10429,9602,827,8,10367,9609,758,7,40804,78
35049,NM,"Santa Fe County, NM",73665,69678,3987,5,74060,70098,3962,5,74245,70515,3730,5,74861,71783,3078,4,74486,71439,3047,4,71037,65447,5590,8,72572,68094,4478,6,58898,113
35051,NM,"Sierra County, NM",4058,3685,373,9,4094,3745,349,9,4214,3890,324,8,4130,3844,286,7,3957,3689,268,7,4068,3704,364,9,4074,3742,332,8,36823,70
35053,NM,"Socorro County, NM",6583,6080,503,8,6733,6233,500,7,6669,6248,421,6,6506,6166,340,5,6515,6131,384,6,6157,5736,421,7,6166,5777,389,6,39478,76
35055,NM,"Taos County, NM",15020,13628,1392,9,15062,13780,1282,9,15246,14057,1189,8,15143,14167,976,6,15355,14420,935,6,14705,13068,1637,11,14663,13352,1311,9,43230,83
35057,NM,"Torrance County, NM",5503,5000,503,9,5554,5042,512,9,5644,5167,477,9,5663,5235,428,8,5707,5316,391,7,5322,4835,487,9,5412,4986,426,8,47266,90
35059,NM,"Union County, NM",1905,1821,84,4,1909,1831,78,4,1933,1861,72,4,1800,1741,59,3,1874,1809,65,4,1628,1547,81,5,1572,1506,66,4,42676,82
35061,NM,"Valencia County, NM",29860,27613,2247,8,30156,27958,2198,7,30485,28486,1999,7,30621,28970,1651,5,31059,29386,1673,5,30216,27838,2378,8,30901,28782,2119,7,51564,99
36001,NY,"Albany County, NY",158197,151269,6928,4,158526,151974,6552,4,161093,154316,6777,4,160911,154984,5927,4,161065,155432,5633,4,159064,148104,10960,7,156527,149645,6882,4,70629,96
36003,NY,"Allegany County, NY",20309,18979,1330,7,20070,18781,1289,6,20060,18740,1320,7,19896,18789,1107,6,19698,18658,1040,5,19388,17886,1502,8,19042,18098,944,5,53371,73
36005,NY,"Bronx County, NY",602931,556946,45985,8,603006,560468,42538,7,632929,593962,38967,6,629681,594200,35481,6,629583,596668,32915,5,617657,517592,100065,16,606729,524483,82246,14,44906,61
36007,NY,"Broome County, NY",86642,81430,5212,6,85916,81177,4739,6,86101,81335,4766,6,85937,81778,4159,5,85371,81493,3878,5,83341,76405,6936,8,81423,77161,4262,5,52510,72
36009,NY,"Cattaraugus County, NY",35157,32929,2228,6,34879,32760,2119,6,34913,32764,2149,6,34768,32926,1842,5,34487,32811,1676,5,33626,30565,3061,9,32847,31107,1740,5,51824,71
36011,NY,"Cayuga County, NY",37005,35015,1990,5,36716,34828,1888,5,36537,34715,1822,5,36748,35118,1630,4,36697,35190,1507,4,36024,33290,2734,8,35130,33473,1657,5,59335,81
36013,NY,"Chautauqua County, NY",57502,54012,3490,6,56159,52844,3315,6,56459,53096,3363,6,55948,53150,2798,5,55486,52973,2513,5,53821,49233,4588,9,52786,49847,2939,6,50062,68
36015,NY,"Chemung County, NY",37406,35195,2211,6,36232,34123,2109,6,36329,34337,1992,6,36111,34451,1660,5,35984,34542,1442,4,35912,32893,3019,8,34549,32734,1815,5,54705,75
36017,NY,"Chenango County, NY",23047,21780,1267,6,22844,21668,1176,5,22745,21537,1208,5,22803,21748,1055,5,22423,21464,959,4,22117,20650,1467,7,21630,20678,952,4,52545,72
36019,NY,"Clinton County, NY",35861,33758,2103,6,35822,33869,1953,6,36810,34880,1930,5,37046,35431,1615,4,37029,35474,1555,4,36090,33328,2762,8,35269,33639,1630,5,59741,81
36021,NY,"Columbia County, NY",31352,30094,1258,4,31473,30294,1179,4,31685,30493,1192,4,31928,30872,1056,3,31865,30883,982,3,30869,29034,1835,6,30238,29085,1153,4,66068,90
36023,NY,"Cortland County, NY",23233,21855,1378,6,22999,21667,1332,6,23380,22035,1345,6,23343,22161,1182,5,23442,22343,1099,5,22779,21027,1752,8,22100,20978,1122,5,60165,82
36025,NY,"Delaware County, NY",19467,18290,1177,6,19234,18154,1080,6,19313,18252,1061,6,19485,18547,938,5,19445,18565,880,5,18957,17637,1320,7,18914,18042,872,5,54440,74
36027,NY,"Dutchess County, NY",142997,136526,6471,5,143108,137045,6063,4,145985,139767,6218,4,146721,141342,5379,4,148184,143053,5131,4,144551,133963,10588,7,142246,135918,6328,4,79276,108
36029,NY,"Erie County, NY",447913,423855,24058,5,445373,423060,22313,5,452441,429193,23248,5,451624,431796,19828,4,452537,434058,18479,4,445070,404444,40626,9,435588,411823,23765,6,59584,81
36031,NY,"Essex County, NY",17283,16235,1048,6,17248,16311,937,5,17481,16531,950,5,17412,16575,837,5,17389,16603,786,5,16852,15526,1326,8,16744,15955,789,5,57129,78
36033,NY,"Franklin County, NY",19940,18632,1308,7,19804,18662,1142,6,20110,18901,1209,6,20017,18995,1022,5,19954,19006,948,5,19443,17898,1545,8,19114,18211,903,5,58709,80
36035,NY,"Fulton County, NY",23409,21892,1517,7,23238,21886,1352,6,23587,22235,1352,6,23298,22117,1181,5,23063,21947,1116,5,22899,21009,1890,8,22353,21121,1232,6,55405,76
36037,NY,"Genesee County, NY",30049,28549,1500,5,29744,28357,1387,5,30078,28650,1428,5,30368,29111,1257,4,30415,29270,1145,4,29514,27427,2087,7,29268,28024,1244,4,62641,85
36039,NY,"Greene County, NY",20686,19511,1175,6,20575,19517,1058,5,20887,19807,1080,5,21055,20102,953,5,20699,19809,890,4,20564,18925,1639,8,20305,19302,1003,5,60163,82
36041,NY,"Hamilton County, NY",2430,2265,165,7,2366,2210,156,7,2359,2186,173,7,2337,2178,159,7,2266,2136,130,6,2192,2023,169,8,2210,2112,98,4,56253,77
36043,NY,"Herkimer County, NY",28373,26590,1783,6,28187,26620,1567,6,28541,26923,1618,6,28390,27001,1389,5,28556,27209,1347,5,27973,25770,2203,8,27514,25918,1596,6,59893,82
36045,NY,"Jefferson County, NY",46451,43366,3085,7,45691,42795,2896,6,45820,42859,2961,7,45439,42923,2516,6,44902,42496,2406,5,44090,40387,3703,8,43765,41564,2201,5,57570,79
36047,NY,"Kings County, NY",1209375,1139369,70006,6,1206229,1142605,63624,5,1264625,1206327,58298,5,1261337,1208420,52917,4,1263500,1213528,49972,4,1210703,1057917,152786,13,1193447,1072663,120784,10,70390,96
36049,NY,"Lewis County, NY",11749,10930,819,7,11752,10949,803,7,11812,11034,778,7,11870,11215,655,6,11847,11216,631,5,11607,10741,866,8,11534,10955,579,5,57897,79
36051,NY,"Livingston County, NY",31195,29543,1652,5,31052,29491,1561,5,31205,29646,1559,5,31348,30001,1347,4,31397,30117,1280,4,30254,28189,2065,7,29821,28533,1288,4,60947,83
36053,NY,"Madison County, NY",32835,30957,1878,6,32717,30966,1751,5,32984,31177,1807,6,33358,31773,1585,5,33637,32187,1450,4,32945,30462,2483,8,32206,30749,1457,5,64379,88
36055,NY,"Monroe County, NY",364827,346195,18632,5,363421,346044,17377,5,368701,350616,18085,5,369758,354079,15679,4,370549,355735,14814,4,365713,335839,29874,8,360379,341760,18619,5,61358,84
36057,NY,"Montgomery County, NY",22235,20765,1470,7,22321,21022,1299,6,22942,21638,1304,6,22905,21730,1175,5,22776,21663,1113,5,22442,20553,1889,8,21900,20661,1239,6,52482,72
36059,NY,"Nassau County, NY",696394,666770,29624,4,700139,672300,27839,4,719512,690355,29157,4,721744,696501,25243,4,727084,703155,23929,3,710248,653335,56913,8,708286,676654,31632,5,122730,167
36061,NY,"New York County, NY",906077,862865,43212,5,908259,867324,40935,5,958723,920354,38369,4,959905,924960,34945,4,970004,937012,32992,3,902268,815372,86896,10,894457,826846,67611,8,87745,120
36063,NY,"Niagara County, NY",100970,94705,6265,6,100281,94345,5936,6,101274,95048,6226,6,101154,95896,5258,5,100833,96034,4799,5,99206,89223,9983,10,96212,90759,5453,6,54963,75
36065,NY,"Oneida County, NY",101948,96471,5477,5,101706,96689,5017,5,103660,98506,5154,5,103077,98517,4560,4,103906,99643,4263,4,102413,94429,7984,8,100177,95112,5065,5,58696,80
36067,NY,"Onondaga County, NY",222097,211070,11027,5,221252,211093,10159,5,223790,213395,10395,5,224527,215593,8934,4,225329,216807,8522,4,224224,206289,17935,8,219876,209099,10777,5,63963,87
36069,NY,"Ontario County, NY",54971,52355,2616,5,55084,52667,2417,4,55853,53365,2488,5,56567,54359,2208,4,56803,54688,2115,4,55699,51828,3871,7,54962,52622,2340,4,62777,86
36071,NY,"Orange County, NY",177655,169318,8337,5,178963,171096,7867,4,184071,175754,8317,5,187500,180244,7256,4,191494,184535,6959,4,186598,171729,14869,8,183818,175160,8658,5,78724,107
36073,NY,"Orleans County, NY",17846,16702,1144,6,17760,16727,1033,6,17847,16800,1047,6,17910,17029,881,5,17924,17110,814,5,17354,15957,1397,8,16976,16100,876,5,57318,78
36075,NY,"Oswego County, NY",53940,50041,3899,7,53335,49835,3500,7,53681,50231,3450,6,53863,50939,2924,5,53874,51056,2818,5,52954,48386,4568,9,51853,48999,2854,6,58439,80
36077,NY,"Otsego County, NY",28657,27100,1557,5,28215,26806,1409,5,28539,27119,1420,5,28636,27397,1239,4,28559,27394,1165,4,27071,25196,1875,7,26786,25595,1191,4,58417,80
36079,NY,"Putnam County, NY",50525,48354,2171,4,50700,48646,2054,4,51807,49642,2165,4,52172,50259,1913,4,52312,50452,1860,4,51204,47520,3684,7,50366,48268,2098,4,104285,142
36081,NY,"Queens County, NY",1152142,1095485,56657,5,1150751,1099048,51703,5,1212317,1164592,47725,4,1198967,1156122,42845,4,1199264,1158834,40430,3,1150966,1005557,145409,13,1127854,1019350,108504,10,78847,108
36083,NY,"Rensselaer County, NY",81439,77625,3814,5,81585,78036,3549,4,82480,78844,3636,4,82929,79721,3208,4,83012,80006,3006,4,81921,76421,5500,7,80735,77206,3529,4,71457,97
36085,NY,"Richmond County, NY",218528,206018,12510,6,219313,207941,11372,5,230331,219832,10499,5,233890,224382,9508,4,236515,227662,8853,4,223073,199333,23740,11,221184,201965,19219,9,81003,110
36087,NY,"Rockland County, NY",151923,144999,6924,5,152561,146064,6497,4,156380,149629,6751,4,157770,151936,5834,4,159539,154087,5452,3,155842,143862,11980,8,153829,147064,6765,4,94874,129
36089,NY,"St. Lawrence County, NY",43825,40602,3223,7,43387,40479,2908,7,44110,41187,2923,7,44306,41841,2465,6,44082,41723,2359,5,43703,40266,3437,8,42919,40730,2189,5,51526,70
36091,NY,"Saratoga County, NY",116670,111795,4875,4,117493,112934,4559,4,120478,115722,4756,4,121671,117408,4263,4,122162,118200,3962,3,121388,113590,7798,6,119267,114754,4513,4,83427,114
36093,NY,"Schenectady County, NY",75620,72028,3592,5,75807,72465,3342,4,77313,73869,3444,5,77799,74695,3104,4,78157,75277,2880,4,78220,72204,6016,8,76733,72958,3775,5,66292,90
36095,NY,"Schoharie County, NY",14650,13793,857,6,14731,13917,814,6,14936,14123,813,5,14935,14219,716,5,14999,14329,670,5,14783,13774,1009,7,14511,13852,659,5,59744,81
36097,NY,"Schuyler County, NY",8339,7784,555,7,8281,7775,506,6,8363,7881,482,6,8401,7974,427,5,8254,7887,367,4,8180,7500,680,8,8046,7649,397,5,54269,74
36099,NY,"Seneca County, NY",15699,14883,816,5,15494,14743,751,5,16370,15631,739,5,16437,15807,630,4,16324,15722,602,4,15516,14305,1211,8,15025,14317,708,5,56929,78
36101,NY,"Steuben County, NY",43642,40872,2770,6,43187,40628,2559,6,43455,40984,2471,6,43522,41388,2134,5,43490,41579,1911,4,42654,39303,3351,8,41448,39389,2059,5,54794,75
36103,NY,"Suffolk County, NY",774850,738096,36754,5,774238,739954,34284,4,791045,755844,35201,4,793197,762913,30284,4,797446,769100,28346,4,778961,715866,63095,8,776355,740989,35366,5,109084,149
36105,NY,"Sullivan County, NY",33658,31826,1832,5,34048,32392,1656,5,34938,33233,1705,5,36701,35203,1498,4,37452,36028,1424,4,36460,33409,3051,8,36118,34350,1768,5,63915,87
36107,NY,"Tioga County, NY",23346,22042,1304,6,23027,21824,1203,5,23168,21984,1184,5,23359,22344,1015,4,23191,22267,924,4,22528,20836,1692,8,21974,21005,969,4,62400,85
36109,NY,"Tompkins County, NY",50336,48107,2229,4,50377,48245,2132,4,50839,48645,2194,4,51090,49252,1838,4,50428,48664,1764,4,49514,46632,2882,6,48914,47093,1821,4,65308,89
36111,NY,"Ulster County, NY",88193,83923,4270,5,88189,84222,3967,5,89679,85621,4058,5,90161,86660,3501,4,89833,86588,3245,4,87421,80700,6721,8,86356,82332,4024,5,66060,90
36113,NY,"Warren County, NY",32202,30407,1795,6,32003,30292,1711,5,32434,30733,1701,5,32202,30712,1490,5,31907,30502,1405,4,31372,28821,2551,8,31045,29531,1514,5,67359,92
36115,NY,"Washington County, NY",28605,27159,1446,5,28352,27012,1340,5,28646,27325,1321,5,28536,27356,1180,4,28525,27411,1114,4,27578,25668,1910,7,27402,26147,1255,5,60973,83
36117,NY,"Wayne County, NY",44217,41844,2373,5,44010,41779,2231,5,44470,42273,2197,5,44711,42870,1841,4,44937,43203,1734,4,43562,40462,3100,7,42847,40936,1911,5,62329,85
36119,NY,"Westchester County, NY",477632,455780,21852,5,477963,457115,20848,4,489676,467736,21940,5,492401,473384,19017,4,497594,479626,17968,4,485745,446883,38862,8,480109,457009,23100,5,103340,141
36121,NY,"Wyoming County, NY",18350,17307,1043,6,18115,17133,982,5,18237,17220,1017,6,18352,17508,844,5,18522,17742,780,4,18181,16866,1315,7,17916,17115,801,5,59612,81
36123,NY,"Yates County, NY",11722,11134,588,5,11720,11194,526,5,11838,11322,516,4,12036,11585,451,4,12208,11771,437,4,11777,11039,738,6,11527,11089,438,4,57057,78
37001,NC,"Alamance County, NC",77206,73126,4080,5,78694,74964,3730,5,78810,75458,3352,4,79720,76663,3057,4,81719,78642,3077,4,78921,73409,5512,7,81009,77122,3887,5,53220,89
37003,NC,"Alexander County, NC",17523,16671,852,5,17778,17022,756,4,17718,17073,645,4,17692,17121,571,3,17812,17231,581,3,17127,15874,1253,7,17283,16553,730,4,53523,90
37005,NC,"Alleghany County, NC",4462,4191,271,6,4413,4170,243,6,4301,4083,218,5,4253,4058,195,5,4351,4149,202,5,4105,3814,291,7,4224,4029,195,5,39916,67
37007,NC,"Anson County, NC",10817,10119,698,7,10627,10011,616,6,10377,9841,536,5,10271,9807,464,5,10626,10192,434,4,10100,9351,749,7,10111,9469,642,6,40818,69
37009,NC,"Ashe County, NC",12297,11566,731,6,12468,11870,598,5,12483,11970,513,4,12521,12063,458,4,12759,12297,462,4,12245,11501,744,6,12614,12113,501,4,44543,75
37011,NC,"Avery County, NC",7524,7082,442,6,7551,7171,380,5,7530,7208,322,4,7491,7213,278,4,7461,7189,272,4,7095,6660,435,6,7380,7089,291,4,50800,85
37013,NC,"Beaufort County, NC",20094,18786,1308,7,20244,19091,1153,6,19708,18712,996,5,19405,18499,906,5,19384,18512,872,5,18841,17684,1157,6,19472,18537,935,5,50253,84
37015,NC,"Bertie County, NC",8592,7979,613,7,8411,7854,557,7,7966,7495,471,6,7726,7340,386,5,7742,7381,361,5,7377,6922,455,6,7203,6778,425,6,41889,70
37017,NC,"Bladen County, NC",14721,13563,1158,8,14524,13519,1005,7,14219,13389,830,6,14177,13418,759,5,14440,13766,674,5,14056,13069,987,7,14223,13397,826,6,43664,73
37019,NC,"Brunswick County, NC",48478,44982,3496,7,49551,46354,3197,7,50612,47744,2868,6,52434,49625,2809,5,54152,51350,2802,5,51779,47353,4426,9,54167,50920,3247,6,64371,108
37021,NC,"Buncombe County, NC",130295,124676,5619,4,133951,128768,5183,4,134657,130012,4645,3,137044,132876,4168,3,139527,135391,4136,3,133508,122736,10772,8,136123,130418,5705,4,66156,111
37023,NC,"Burke County, NC",39285,37103,2182,6,39733,37798,1935,5,39923,38249,1674,4,40264,38784,1480,4,40428,38941,1487,4,38606,35905,2701,7,39264,37481,1783,5,48729,82
37025,NC,"Cabarrus County, NC",97511,92526,4985,5,100864,96254,4610,5,103213,98929,4284,4,105577,101702,3875,4,109018,105158,3860,4,107171,99996,7175,7,109654,104845,4809,4,79736,134
37027,NC,"Caldwell County, NC",35421,33234,2187,6,35786,33928,1858,5,35997,34392,1605,5,35882,34479,1403,4,36080,34642,1438,4,34593,31936,2657,8,35073,33340,1733,5,50235,84
37029,NC,"Camden County, NC",4608,4347,261,6,4643,4404,239,5,4660,4457,203,4,4640,4464,176,4,4666,4491,175,4,4446,4208,238,5,4514,4336,178,4,72135,121
37031,NC,"Carteret County, NC",31300,29472,1828,6,31473,29850,1623,5,31480,30080,1400,4,31440,30060,1380,4,31819,30527,1292,4,30331,28486,1845,6,31149,29867,1282,4,63475,107
37033,NC,"Caswell County, NC",9613,9014,599,6,9661,9135,526,5,9630,9175,455,5,9690,9257,433,5,9776,9345,431,4,9390,8684,706,8,9473,8970,503,5,48070,81
37035,NC,"Catawba County, NC",75074,70986,4088,5,76648,73016,3632,5,77535,74314,3221,4,77563,74780,2783,4,78173,75402,2771,4,75769,69884,5885,8,76433,72869,3564,5,52737,89
37037,NC,"Chatham County, NC",33354,31789,1565,5,34416,32957,1459,4,33681,32374,1307,4,34613,33426,1187,3,35904,34710,1194,3,34968,33157,1811,5,36405,35108,1297,4,74747,125
37039,NC,"Cherokee County, NC",11108,10400,708,6,11111,10479,632,6,11015,10467,548,5,11112,10608,504,5,11122,10633,489,4,10654,9832,822,8,10592,10066,526,5,44449,75
37041,NC,"Chowan County, NC",5634,5236,398,7,5585,5227,358,6,5520,5228,292,5,5506,5258,248,5,5500,5250,250,5,5301,4987,314,6,5510,5238,272,5,45365,76
37043,NC,"Clay County, NC",4038,3795,243,6,4039,3818,221,6,3896,3702,194,5,4066,3886,180,4,4114,3931,183,4,3973,3687,286,7,3970,3775,195,5,44052,74
37045,NC,"Cleveland County, NC",46037,43129,2908,6,46669,44114,2555,6,46812,44647,2165,5,47220,45326,1894,4,48241,46361,1880,4,47102,43522,3580,8,47667,45132,2535,5,49041,82
37047,NC,"Columbus County, NC",22581,20901,1680,7,22528,21081,1447,6,21973,20772,1201,6,22055,20940,1115,5,22583,21485,1098,5,21929,20209,1720,8,22400,20994,1406,6,40712,68
37049,NC,"Craven County, NC",41295,38826,2469,6,41628,39448,2180,5,41162,39252,1910,5,40942,39187,1755,4,41296,39649,1647,4,39827,37305,2522,6,40693,38789,1904,5,53960,91
37051,NC,"Cumberland County, NC",126103,117001,9102,7,126947,118818,8129,6,125896,118662,7234,6,125817,119228,6589,5,126870,120485,6385,5,123636,112350,11286,9,125305,116685,8620,7,49160,83
37053,NC,"Currituck County, NC",12833,12099,734,6,13111,12446,665,5,13388,12806,582,4,13800,13300,500,4,14205,13707,498,4,14055,13214,841,6,14215,13632,583,4,73433,123
37055,NC,"Dare County, NC",20275,18781,1494,7,19939,18593,1346,7,19824,18659,1165,6,19681,18663,1018,5,19897,18976,921,5,19102,17258,1844,10,19631,18462,1169,6,72962,122
37057,NC,"Davidson County, NC",78652,74333,4319,6,79258,75444,3814,5,78497,75125,3372,4,79268,76323,2945,4,80389,77477,2912,4,77645,72340,5305,7,79091,75503,3588,5,56067,94
37059,NC,"Davie County, NC",19828,18843,985,5,20107,19202,905,5,20057,19257,800,4,20252,19545,707,4,20457,19772,685,3,19763,18470,1293,7,20130,19269,861,4,65418,110
37061,NC,"Duplin County, NC",26459,24962,1497,6,26422,25012,1410,5,25093,23873,1220,5,24688,23611,1077,4,25166,24172,994,4,24090,22781,1309,5,24263,23200,1063,4,49755,84
37063,NC,"Durham County, NC",156464,148713,7751,5,161608,154321,7287,5,162911,156312,6599,4,166378,160424,5954,4,171887,166108,5779,3,169356,158846,10510,6,174877,167710,7167,4,65619,110
37065,NC,"Edgecombe County, NC",22786,20629,2157,10,22353,20411,1942,9,21633,19967,1666,8,21198,19728,1470,7,20774,19559,1215,6,19974,17928,2046,10,20260,18531,1729,9,45156,76
37067,NC,"Forsyth County, NC",179552,169780,9772,5,182081,173210,8871,5,182173,174208,7965,4,184272,177103,7169,4,187105,180207,6898,4,180183,167293,12890,7,183512,174514,8998,5,56158,94
37069,NC,"Franklin County, NC",28684,27006,1678,6,29255,27725,1530,5,29683,28297,1386,5,30330,29087,1243,4,31266,30015,1251,4,30757,28746,2011,7,32086,30577,1509,5,54868,92
37071,NC,"Gaston County, NC",102672,96576,6096,6,105324,99700,5624,5,106267,101356,4911,5,107538,103251,4287,4,109230,105028,4202,4,106773,98492,8281,8,108927,103270,5657,5,60622,102
37073,NC,"Gates County, NC",5139,4860,279,5,5175,4909,266,5,5205,4975,230,4,5243,5030,213,4,5256,5048,208,4,4881,4610,271,6,4963,4749,214,4,57680,97
37075,NC,"Graham County, NC",3181,2804,377,12,3092,2819,273,9,3084,2874,210,7,3137,2952,185,6,3206,3036,170,5,2986,2698,288,10,3022,2814,208,7,42057,71
37077,NC,"Granville County, NC",28505,27113,1392,5,29191,27928,1263,4,29597,28467,1130,4,29547,28526,1021,4,29958,28964,994,3,28903,27275,1628,6,29541,28364,1177,4,53112,89
37079,NC,"Greene County, NC",9469,8952,517,6,9496,8992,504,5,9414,8997,417,4,9398,9032,366,4,9504,9155,349,4,9230,8726,504,6,9364,8980,384,4,47605,80
37081,NC,"Guilford County, NC",256007,241158,14849,6,257680,244175,13505,5,257106,244858,12248,5,258386,247437,10949,4,260702,250142,10560,4,252260,231469,20791,8,254780,240484,14296,6,55577,93
37083,NC,"Halifax County, NC",20744,18936,1808,9,20621,18985,1636,8,20276,18799,1477,7,19900,18677,1223,6,20235,19106,1129,6,19419,17699,1720,9,19179,17747,1432,8,41098,69
37085,NC,"Harnett County, NC",50188,46864,3324,7,51302,48328,2974,6,51830,49181,2649,5,52138,49659,2479,5,52927,50521,2406,5,51556,47823,3733,7,52943,50144,2799,5,55586,93
37087,NC,"Haywood County, NC",27623,26189,1434,5,28396,27104,1292,5,28538,27389,1149,4,29236,28229,1007,3,29685,28690,995,3,28092,26047,2045,7,28887,27662,1225,4,50492,85
37089,NC,"Henderson County, NC",50614,48238,2376,5,52134,49909,2225,4,52744,50731,2013,4,53756,51978,1778,3,54613,52832,1781,3,51335,47904,3431,7,53037,50879,2158,4,60550,102
37091,NC,"Hertford County, NC",9211,8568,643,7,9287,8676,611,7,9056,8535,521,6,8999,8539,460,5,9133,8672,461,5,8703,8120,583,7,8518,7962,556,7,46632,78
37093,NC,"Hoke County, NC",19803,18251,1552,8,19855,18545,1310,7,19635,18502,1133,6,19826,18814,1012,5,19974,18999,975,5,19476,17863,1613,8,19848,18568,1280,6,53728,90
37095,NC,"Hyde County, NC",2141,1948,193,9,2103,1904,199,10,2070,1896,174,8,1986,1822,164,8,1905,1744,161,9,1748,1572,176,10,1767,1652,115,7,45548,76
37097,NC,"Iredell County, NC",82099,77644,4455,5,84300,80244,4056,5,85272,81647,3625,4,86622,83431,3191,4,89008,85823,3185,4,87687,81501,6186,7,89608,85477,4131,5,61892,104
37099,NC,"Jackson County, NC",18445,17335,1110,6,18773,17751,1022,5,18795,17897,898,5,19278,18460,818,4,19778,18968,810,4,19162,17750,1412,7,19488,18611,877,5,49488,83
37101,NC,"Johnston County, NC",88074,83524,4550,5,91306,87026,4280,5,93067,89198,3869,4,96031,92477,3554,4,99162,95569,3593,4,97630,91691,5939,6,101800,97527,4273,4,63882,107
37103,NC,"Jones County, NC",4543,4284,259,6,4501,4263,238,5,4345,4152,193,4,4320,4136,184,4,4278,4114,164,4,4051,3827,224,6,4155,3979,176,4,44972,75
37105,NC,"Lee County, NC",26059,24201,1858,7,26150,24611,1539,6,26199,24857,1342,5,26132,24975,1157,4,25938,24796,1142,4,25149,23192,1957,8,25322,23956,1366,5,57025,96
37107,NC,"Lenoir County, NC",27710,25973,1737,6,27566,25947,1619,6,27615,26385,1230,5,27477,26384,1093,4,27764,26733,1031,4,26729,25135,1594,6,26890,25558,1332,5,40586,68
37109,NC,"Lincoln County, NC",40572,38396,2176,5,40966,39033,1933,5,41318,39652,1666,4,42041,40563,1478,4,43625,42104,1521,4,42749,40040,2709,6,43823,42039,1784,4,56183,94
37111,NC,"McDowell County, NC",21239,20085,1154,5,20950,19943,1007,5,20675,19837,838,4,20819,20102,717,3,20717,19939,778,4,19929,18581,1348,7,19903,19006,897,5,47579,80
37113,NC,"Macon County, NC",15104,14183,921,6,15171,14353,818,5,15015,14317,698,5,15141,14536,605,4,15514,14918,596,4,14970,13993,977,7,15285,14641,644,4,51973,87
37115,NC,"Madison County, NC",9459,8928,531,6,9671,9200,471,5,9826,9408,418,4,9928,9562,366,4,10020,9660,360,4,9298,8675,623,7,9623,9212,411,4,49373,83
37117,NC,"Martin County, NC",9705,8968,737,8,9784,9122,662,7,9452,8922,530,6,9157,8695,462,5,8982,8541,441,5,8623,8047,576,7,8617,8140,477,6,42264,71
37119,NC,"Mecklenburg County, NC",564683,534833,29850,5,581630,554067,27563,5,592050,566533,25517,4,602435,579347,23088,4,616052,593752,22300,4,606285,561076,45209,8,618847,588559,30288,5,72340,121
37121,NC,"Mitchell County, NC",6303,5877,426,7,6169,5791,378,6,6011,5698,313,5,5942,5672,270,5,6013,5743,270,5,5744,5311,433,8,5928,5623,305,5,49236,83
37123,NC,"Montgomery County, NC",11613,10960,653,6,11664,11061,603,5,11585,11057,528,5,11370,10909,461,4,11479,11031,448,4,10973,10264,709,7,11014,10499,515,5,48522,81
37125,NC,"Moore County, NC",38251,36059,2192,6,39389,37411,1978,5,39306,37545,1761,5,40500,38928,1572,4,41780,40190,1590,4,39542,36751,2791,7,40161,38325,1836,5,69413,116
37127,NC,"Nash County, NC",43809,40658,3151,7,43792,40909,2883,7,43047,40453,2594,6,42785,40576,2209,5,42802,40772,2030,5,41405,38076,3329,8,42040,39381,2659,6,49883,84
37129,NC,"New Hanover County, NC",113266,107283,5983,5,115690,110226,5464,5,117713,112848,4865,4,119528,114909,4619,4,121836,117493,4343,4,118291,109989,8302,7,122709,117512,5197,4,65615,110
37131,NC,"Northampton County, NC",7856,7271,585,7,7791,7225,566,7,7634,7158,476,6,7529,7140,389,5,7695,7307,388,5,7214,6701,513,7,7178,6731,447,6,41630,70
37133,NC,"Onslow County, NC",63680,59974,3706,6,63519,60018,3501,6,63638,60298,3340,5,63422,60323,3099,5,63985,61077,2908,5,62806,58361,4445,7,65070,61732,3338,5,52885,89
37135,NC,"Orange County, NC",73308,69954,3354,5,74699,71532,3167,4,75573,72716,2857,4,76517,73979,2538,3,79350,76734,2616,3,76310,72369,3941,5,79254,76516,2738,4,82732,139
37137,NC,"Pamlico County, NC",5330,5016,314,6,5392,5107,285,5,5311,5066,245,5,5249,5029,220,4,5344,5146,198,4,5156,4878,278,5,5296,5069,227,4,50481,85
37139,NC,"Pasquotank County, NC",17430,16181,1249,7,17344,16252,1092,6,17108,16162,946,6,16780,15969,811,5,16657,15903,754,5,16085,14941,1144,7,16273,15397,876,5,56654,95
37141,NC,"Pender County, NC",25989,24423,1566,6,26769,25350,1419,5,27574,26298,1276,5,27857,26682,1175,4,28528,27410,1118,4,27830,26077,1753,6,29066,27841,1225,4,59812,100
37143,NC,"Perquimans County, NC",5150,4787,363,7,5086,4758,328,6,5065,4779,286,6,4954,4712,242,5,4934,4693,241,5,4729,4417,312,7,4824,4568,256,5,50813,85
37145,NC,"Person County, NC",17864,16665,1199,7,17980,16993,987,6,17768,16940,828,5,17904,17149,755,4,18237,17482,755,4,17853,16597,1256,7,18428,17515,913,5,58991,99
37147,NC,"Pitt County, NC",87592,82352,5240,6,87935,83032,4903,6,88029,83743,4286,5,88288,84456,3832,4,88857,85148,3709,4,85632,80018,5614,7,87237,82839,4398,5,49955,84
37149,NC,"Polk County, NC",8653,8217,436,5,8798,8389,409,5,8791,8425,366,4,8824,8485,339,4,9031,8697,334,4,8719,8192,527,6,9029,8607,422,5,58607,98
37151,NC,"Randolph County, NC",66574,62820,3754,6,66681,63396,3285,5,65678,62804,2874,4,65157,62663,2494,4,65518,63074,2444,4,62845,58373,4472,7,63631,60655,2976,5,48849,82
37153,NC,"Richmond County, NC",16905,15582,1323,8,16739,15579,1160,7,16475,15484,991,6,16316,15413,903,6,16536,15687,849,5,16160,14727,1433,9,16248,15059,1189,7,42335,71
37155,NC,"Robeson County, NC",50978,46709,4269,8,50401,46394,4007,8,49475,46252,3223,7,49014,46101,2913,6,49865,47249,2616,5,48256,44128,4128,9,48147,44504,3643,8,39139,66
37157,NC,"Rockingham County, NC",41074,38388,2686,7,40727,38423,2304,6,39989,37913,2076,5,39547,37711,1836,5,39735,38011,1724,4,38146,35071,3075,8,38593,36458,2135,6,50388,85
37159,NC,"Rowan County, NC",63026,59235,3791,6,64035,60466,3569,6,63830,60827,3003,5,64071,61473,2598,4,65031,62431,2600,4,63077,58194,4883,8,64309,61070,3239,5,55398,93
37161,NC,"Rutherford County, NC",25016,23097,1919,8,24733,23078,1655,7,24243,22771,1472,6,24445,23182,1263,5,25059,23855,1204,5,23751,21603,2148,9,24050,22494,1556,7,44004,74
37163,NC,"Sampson County, NC",29511,27786,1725,6,29423,27817,1606,6,28986,27606,1380,5,28869,27693,1176,4,29174,28085,1089,4,27558,25999,1559,6,27818,26567,1251,5,45387,76
37165,NC,"Scotland County, NC",11841,10600,1241,11,11601,10540,1061,9,11340,10469,871,8,11317,10476,841,7,11409,10671,738,7,11008,9722,1286,12,11096,10041,1055,10,33531,56
37167,NC,"Stanly County, NC",28767,27255,1512,5,29195,27841,1354,5,29347,28135,1212,4,29445,28372,1073,4,30102,29004,1098,4,28880,27112,1768,6,29425,28141,1284,4,53769,90
37169,NC,"Stokes County, NC",21782,20614,1168,5,21805,20762,1043,5,21330,20426,904,4,21281,20494,787,4,21500,20740,760,4,20523,19248,1275,6,20998,20112,886,4,59068,99
37171,NC,"Surry County, NC",33295,31513,1782,5,33418,31820,1598,5,33130,31747,1383,4,33554,32357,1197,4,33707,32502,1205,4,31730,29615,2115,7,32011,30618,1393,4,47114,79
37173,NC,"Swain County, NC",6767,6254,513,8,7096,6663,433,6,6747,6405,342,5,6822,6525,297,4,6980,6708,272,4,6745,6188,557,8,6833,6525,308,5,47559,80
37175,NC,"Transylvania County, NC",13533,12806,727,5,13915,13237,678,5,14013,13409,604,4,14084,13545,539,4,14573,14042,531,4,13757,12938,819,6,14101,13524,577,4,56880,95
37177,NC,"Tyrrell County, NC",1545,1400,145,9,1525,1396,129,9,1474,1361,113,8,1456,1364,92,6,1411,1328,83,6,1234,1122,112,9,1283,1193,90,7,42260,71
37179,NC,"Union County, NC",112222,106848,5374,5,115411,110320,5091,4,117423,112714,4709,4,119890,115634,4256,4,122955,118712,4243,4,119383,112507,6876,6,122890,118088,4802,4,90920,153
37181,NC,"Vance County, NC",18022,16496,1526,9,17949,16663,1286,7,17638,16542,1096,6,17175,16165,1010,6,17237,16259,978,6,16542,14921,1621,10,16724,15401,1323,8,41935,70
37183,NC,"Wake County, NC",539009,513915,25094,5,554963,531092,23871,4,565217,543121,22096,4,577250,557244,20006,4,587185,567415,19770,3,572430,536715,35715,6,594675,571029,23646,4,88763,149
37185,NC,"Warren County, NC",7202,6612,590,8,7120,6600,520,7,6729,6268,461,7,6468,6076,392,6,6519,6154,365,6,6322,5721,601,10,6437,5941,496,8,42808,72
37187,NC,"Washington County, NC",4960,4534,426,9,4850,4490,360,7,4702,4392,310,7,4554,4280,274,6,4432,4181,251,6,4249,3914,335,8,4273,3977,296,7,38704,65
37189,NC,"Watauga County, NC",27365,26056,1309,5,27861,26608,1253,5,28163,27018,1145,4,28498,27484,1014,4,29244,28244,1000,3,27087,25442,1645,6,28395,27356,1039,4,54004,91
37191,NC,"Wayne County, NC",53672,50458,3214,6,53390,50274,3116,6,52644,49994,2650,5,51835,49569,2266,4,51478,49392,2086,4,49707,46620,3087,6,50451,47916,2535,5,52906,89
37193,NC,"Wilkes County, NC",29597,27937,1660,6,30109,28665,1444,5,30477,29179,1298,4,29728,28593,1135,4,29115,27964,1151,4,27476,25654,1822,7,27164,25885,1279,5,46830,79
37195,NC,"Wilson County, NC",36697,33251,3446,9,36377,33408,2969,8,35457,32894,2563,7,34789,32614,2175,6,34705,32741,1964,6,33578,30693,2885,9,33434,31183,2251,7,44089,74
37197,NC,"Yadkin County, NC",17471,16608,863,5,17557,16786,771,4,17443,16755,688,4,17375,16779,596,3,17580,16983,597,3,16849,15687,1162,7,17084,16362,722,4,53154,89
37199,NC,"Yancey County, NC",7408,6976,432,6,7455,7070,385,5,7321,6987,334,5,8130,7833,297,4,8369,8061,308,4,7920,7410,510,6,7992,7649,343,4,48662,82
38001,ND,"Adams County, ND",1100,1068,32,3,1131,1102,29,3,1130,1102,28,3,1083,1063,20,2,1061,1041,20,2,1011,973,38,4,967,934,33,3,50673,79
38003,ND,"Barnes County, ND",5600,5420,180,3,5609,5430,179,3,5489,5338,151,3,5328,5198,130,2,5265,5122,143,3,5211,5010,201,4,5273,5111,162,3,52327,81
38005,ND,"Benson County, ND",2460,2347,113,5,2429,2332,97,4,2420,2333,87,4,2340,2257,83,4,2324,2236,88,4,2321,2163,158,7,2300,2186,114,5,51189,80
38007,ND,"Billings County, ND",464,450,14,3,437,424,13,3,445,432,13,3,432,421,11,3,446,436,10,2,439,423,16,4,444,431,13,3,76478,119
38009,ND,"Bottineau County, ND",3216,3075,141,4,3222,3072,150,5,3150,3046,104,3,3040,2948,92,3,3004,2914,90,3,2985,2825,160,5,2976,2834,142,5,61841,96
38011,ND,"Bowman County, ND",1847,1813,34,2,1832,1792,40,2,1777,1746,31,2,1668,1640,28,2,1742,1716,26,2,1635,1580,55,3,1581,1542,39,3,67067,104
38013,ND,"Burke County, ND",1172,1133,39,3,1143,1091,52,5,1105,1071,34,3,1090,1067,23,2,1082,1060,22,2,1039,984,55,5,1046,1001,45,4,73567,114
38015,ND,"Burleigh County, ND",48573,47414,1159,2,50517,49212,1305,3,51110,49873,1237,2,50278,49074,1204,2,50590,49491,1099,2,51298,49088,2210,4,51696,50080,1616,3,72170,112
38017,ND,"Cass County, ND",94623,92497,2126,2,99994,97756,2238,2,103174,101011,2163,2,104079,101921,2158,2,105410,103482,1928,2,106255,101632,4623,4,107219,104116,3103,3,61338,95
38019,ND,"Cavalier County, ND",2045,1988,57,3,2111,2055,56,3,2082,2027,55,3,2008,1960,48,2,1919,1871,48,3,1915,1849,66,3,1870,1812,58,3,54270,84
38021,ND,"Dickey County, ND",2532,2485,47,2,2541,2492,49,2,2540,2496,44,2,2440,2400,40,2,2344,2304,40,2,2316,2240,76,3,2265,2204,61,3,60682,94
38023,ND,"Divide County, ND",1801,1768,33,2,1680,1636,44,3,1604,1578,26,2,1555,1537,18,1,1480,1461,19,1,1445,1399,46,3,1434,1399,35,2,64594,101
38025,ND,"Dunn County, ND",3987,3908,79,2,3241,3139,102,3,3204,3136,68,2,3102,3056,46,2,3277,3229,48,2,3162,3016,146,5,3096,2994,102,3,73722,115
38027,ND,"Eddy County, ND",1260,1200,60,5,1276,1221,55,4,1286,1226,60,5,1261,1203,58,5,1236,1188,48,4,1206,1150,56,5,1188,1141,47,4,54285,84
38029,ND,"Emmons County, ND",1539,1463,76,5,1581,1512,69,4,1569,1507,62,4,1504,1438,66,4,1456,1402,54,4,1494,1422,72,5,1490,1421,69,5,49972,78
38031,ND,"Foster County, ND",1617,1570,47,3,1682,1632,50,3,1678,1637,41,2,1620,1581,39,2,1539,1501,38,3,1562,1508,54,4,1510,1468,42,3,63234,98
38033,ND,"Golden Valley County, ND",970,948,22,2,969,943,26,3,945,926,19,2,901,885,16,2,853,839,14,2,865,838,27,3,838,815,23,3,57596,90
38035,ND,"Grand Forks County, ND",37216,36307,909,2,38733,37818,915,2,39456,38594,862,2,38582,37794,788,2,38062,37357,705,2,37296,35591,1705,5,37114,35926,1188,3,55495,86
38037,ND,"Grant County, ND",1309,1268,41,3,1294,1255,39,3,1295,1257,38,3,1228,1198,30,2,1199,1175,24,2,1202,1169,33,3,1233,1200,33,3,48063,75
38039,ND,"Griggs County, ND",1146,1119,27,2,1157,1124,33,3,1137,1105,32,3,1071,1049,22,2,1042,1019,23,2,1027,996,31,3,1026,997,29,3,53751,84
38041,ND,"Hettinger County, ND",1543,1504,39,3,1536,1490,46,3,1493,1465,28,2,1426,1399,27,2,1403,1379,24,2,1398,1342,56,4,1392,1347,45,3,53222,83
38043,ND,"Kidder County, ND",1332,1283,49,4,1373,1321,52,4,1380,1331,49,4,1318,1265,53,4,1286,1240,46,4,1301,1235,66,5,1319,1251,68,5,49386,77
38045,ND,"LaMoure County, ND",2253,2197,56,3,2310,2255,55,2,2297,2254,43,2,2154,2116,38,2,2091,2052,39,2,2071,2016,55,3,2043,1997,46,2,58302,91
38047,ND,"Logan County, ND",941,914,27,3,957,924,33,3,957,933,24,3,910,890,20,2,874,856,18,2,864,836,28,3,863,837,26,3,47908,75
38049,ND,"McHenry County, ND",3254,3117,137,4,3369,3204,165,5,3332,3191,141,4,3171,3056,115,4,3112,3013,99,3,3122,2953,169,5,3135,2999,136,4,59052,92
38051,ND,"McIntosh County, ND",1234,1195,39,3,1238,1200,38,3,1240,1208,32,3,1164,1136,28,2,1122,1091,31,3,1102,1066,36,3,1093,1055,38,4,48839,76
38053,ND,"McKenzie County, ND",9132,8905,227,3,7930,7631,299,4,8256,8052,204,3,9232,9090,142,2,10619,10466,153,1,9537,8811,726,8,8620,8144,476,6,84705,132
38055,ND,"McLean County, ND",4884,4701,183,4,5058,4882,176,4,5073,4914,159,3,4831,4685,146,3,4783,4647,136,3,4850,4632,218,5,4698,4525,173,4,70835,110
38057,ND,"Mercer County, ND",4275,4095,180,4,4643,4439,204,4,4497,4318,179,4,4003,3849,154,4,3683,3546,137,4,3653,3443,210,6,3670,3498,172,5,79608,124
38059,ND,"Morton County, ND",16137,15639,498,3,16758,16212,546,3,16837,16321,516,3,16607,16114,493,3,16719,16273,446,3,16964,16112,852,5,17062,16409,653,4,71928,112
38061,ND,"Mountrail County, ND",8079,7920,159,2,7117,6904,213,3,7094,6950,144,2,7208,7105,103,1,7532,7438,94,1,6941,6579,362,5,6486,6259,227,4,68465,107
38063,ND,"Nelson County, ND",1505,1449,56,4,1531,1479,52,3,1507,1461,46,3,1434,1391,43,3,1409,1369,40,3,1403,1340,63,5,1395,1343,52,4,53008,83
38065,ND,"Oliver County, ND",876,824,52,6,896,847,49,6,924,886,38,4,892,859,33,4,885,855,30,3,875,830,45,5,873,840,33,4,66708,104
38067,ND,"Pembina County, ND",3580,3389,191,5,3652,3469,183,5,3563,3415,148,4,3427,3303,124,4,3377,3274,103,3,3405,3215,190,6,3327,3166,161,5,61595,96
38069,ND,"Pierce County, ND",1824,1747,77,4,1894,1819,75,4,1905,1845,60,3,1803,1750,53,3,1742,1692,50,3,1715,1642,73,4,1681,1624,57,3,50827,79
38071,ND,"Ramsey County, ND",5645,5453,192,3,6133,5958,175,3,5935,5776,159,3,5754,5605,149,3,5734,5583,151,3,5754,5499,255,4,5730,5543,187,3,57984,90
38073,ND,"Ransom County, ND",2754,2686,68,3,2833,2769,64,2,2850,2795,55,2,2880,2830,50,2,2864,2819,45,2,2898,2782,116,4,2696,2627,69,3,65039,101
38075,ND,"Renville County, ND",1327,1283,44,3,1306,1255,51,4,1286,1253,33,3,1240,1213,27,2,1228,1201,27,2,1235,1174,61,5,1201,1160,41,3,67054,104
38077,ND,"Richland County, ND",8531,8298,233,3,8884,8640,244,3,8921,8710,211,2,8868,8658,210,2,8774,8589,185,2,8656,8325,331,4,8669,8431,238,3,65530,102
38079,ND,"Rolette County, ND",4850,4349,501,10,4977,4437,540,11,4880,4380,500,10,4737,4329,408,9,4662,4317,345,7,4804,4154,650,14,4780,4271,509,11,45178,70
38081,ND,"Sargent County, ND",2238,2197,41,2,2327,2282,45,2,2412,2364,48,2,2596,2552,44,2,2725,2681,44,2,2813,2694,119,4,2386,2322,64,3,68769,107
38083,ND,"Sheridan County, ND",720,684,36,5,734,693,41,6,742,709,33,4,697,668,29,4,683,656,27,4,683,643,40,6,661,626,35,5,46424,72
38085,ND,"Sioux County, ND",1283,1227,56,4,1336,1277,59,4,1308,1260,48,4,1266,1219,47,4,1224,1182,42,3,1200,1152,48,4,1213,1170,43,4,36182,56
38087,ND,"Slope County, ND",461,449,12,3,435,424,11,3,432,424,8,2,406,398,8,2,398,390,8,2,395,383,12,3,356,346,10,3,53330,83
38089,ND,"Stark County, ND",20128,19583,545,3,18048,17341,707,4,18205,17719,486,3,18586,18179,407,2,19056,18709,347,2,18471,17132,1339,7,17518,16695,823,5,66105,103
38091,ND,"Steele County, ND",1055,1031,24,2,1072,1049,23,2,1070,1052,18,2,1020,1001,19,2,997,979,18,2,963,935,28,3,932,904,28,3,68163,106
38093,ND,"Stutsman County, ND",10624,10350,274,3,11055,10782,273,3,11091,10832,259,2,10748,10505,243,2,10541,10324,217,2,10575,10209,366,4,10389,10077,312,3,59948,93
38095,ND,"Towner County, ND",1232,1199,33,3,1328,1299,29,2,1260,1229,31,3,1209,1181,28,2,1160,1131,29,3,1159,1126,33,3,1138,1101,37,3,57509,90
38097,ND,"Traill County, ND",4415,4290,125,3,4589,4461,128,3,4646,4533,113,2,4521,4413,108,2,4473,4368,105,2,4483,4322,161,4,4439,4304,135,3,70384,110
38099,ND,"Walsh County, ND",5534,5302,232,4,5649,5435,214,4,5652,5463,189,3,5381,5227,154,3,5239,5086,153,3,5187,4953,234,5,5274,5032,242,5,57557,90
38101,ND,"Ward County, ND",34012,32926,1086,3,33466,32086,1380,4,32935,31874,1061,3,32455,31611,844,3,32372,31649,723,2,32163,30237,1926,6,31812,30452,1360,4,64346,100
38103,ND,"Wells County, ND",2155,2069,86,4,2185,2101,84,4,2169,2099,70,3,2022,1965,57,3,1919,1866,53,3,1918,1835,83,4,1896,1816,80,4,56827,88
38105,ND,"Williams County, ND",28478,27801,677,2,22585,21599,986,4,23024,22450,574,3,24189,23748,441,2,25155,24741,414,2,23314,21042,2272,10,20877,19473,1404,7,79483,124
39001,OH,"Adams County, OH",10722,9870,852,8,10987,10156,831,8,10960,10175,785,7,10950,10180,770,7,10884,10136,748,7,10860,9850,1010,9,10967,10275,692,6,42342,70
39003,OH,"Allen County, OH",47999,45647,2352,5,48450,46006,2444,5,48876,46443,2433,5,48129,45984,2145,5,48240,46274,1966,4,47786,43690,4096,9,47538,44818,2720,6,52558,87
39005,OH,"Ashland County, OH",26064,24739,1325,5,26365,25018,1347,5,26390,25094,1296,5,26302,25105,1197,5,27014,25884,1130,4,26265,24564,1701,7,26333,25190,1143,4,55699,92
39007,OH,"Ashtabula County, OH",44504,41816,2688,6,44399,41673,2726,6,44402,41788,2614,6,44631,42299,2332,5,44862,42699,2163,5,43647,40010,3637,8,43322,40944,2378,6,51252,85
39009,OH,"Athens County, OH",28006,26244,1762,6,28129,26318,1811,6,28497,26775,1722,6,27993,26414,1579,6,28095,26605,1490,5,26343,24334,2009,8,25533,24107,1426,6,42215,70
39011,OH,"Auglaize County, OH",24530,23619,911,4,24716,23789,927,4,24833,23919,914,4,24757,23948,809,3,25146,24384,762,3,24501,22818,1683,7,24365,23465,900,4,69468,115
39013,OH,"Belmont County, OH",31259,29255,2004,6,31137,28798,2339,8,30531,28600,1931,6,30689,29013,1676,6,30214,28500,1714,6,28503,25610,2893,10,27892,26187,1705,6,50626,84
39015,OH,"Brown County, OH",19554,18323,1231,6,19569,18429,1140,6,19608,18488,1120,6,19543,18496,1047,5,19677,18688,989,5,19237,17633,1604,8,19366,18331,1035,5,58067,96
39017,OH,"Butler County, OH",188071,179345,8726,5,190182,181562,8620,5,193539,184966,8573,4,194530,186487,8043,4,197058,189535,7523,4,193517,179442,14075,7,195166,186387,8779,5,69049,114
39019,OH,"Carroll County, OH",13394,12587,807,6,13491,12562,929,7,13323,12545,778,6,13038,12349,689,5,13018,12367,651,5,12842,11708,1134,9,12726,12006,720,6,52065,86
39021,OH,"Champaign County, OH",19939,19057,882,4,19958,19055,903,5,20023,19200,823,4,20000,19240,760,4,20220,19463,757,4,19780,18366,1414,7,19413,18560,853,4,64142,106
39023,OH,"Clark County, OH",64293,61045,3248,5,63827,60463,3364,5,64040,60940,3100,5,63394,60505,2889,5,63821,61044,2777,4,62600,57507,5093,8,62458,59135,3323,5,54507,90
39025,OH,"Clermont County, OH",103007,98315,4692,5,104313,99654,4659,5,105868,101228,4640,4,106523,102163,4360,4,108196,104115,4081,4,105768,98483,7285,7,106976,102346,4630,4,72740,121
39027,OH,"Clinton County, OH",16744,15693,1051,6,17238,16228,1010,6,17524,16566,958,6,17638,16714,924,5,17837,16990,847,5,17676,16197,1479,8,17953,16971,982,6,53891,89
39029,OH,"Columbiana County, OH",49555,46616,2939,6,48577,45310,3267,7,47950,45100,2850,6,47471,45032,2439,5,47793,45468,2325,5,47034,42612,4422,9,45832,43202,2630,6,49342,82
39031,OH,"Coshocton County, OH",15907,14883,1024,6,15054,13980,1074,7,14761,13758,1003,7,14478,13587,891,6,14494,13637,857,6,14090,12834,1256,9,13772,12968,804,6,47794,79
39033,OH,"Crawford County, OH",19142,18018,1124,6,19246,18079,1167,6,18925,17840,1085,6,18112,17164,948,5,18404,17537,867,5,18526,16795,1731,9,18066,17016,1050,6,45952,76
39035,OH,"Cuyahoga County, OH",609062,577370,31692,5,612160,578168,33992,6,623383,587517,35866,6,622658,592290,30368,5,625976,599034,26942,4,597091,533399,63692,11,595326,556610,38716,7,55128,91
39037,OH,"Darke County, OH",26302,25168,1134,4,26477,25380,1097,4,26440,25333,1107,4,25985,24977,1008,4,25997,25035,962,4,25651,23923,1728,7,25684,24679,1005,4,57932,96
39039,OH,"Defiance County, OH",18736,17806,930,5,18453,17536,917,5,18505,17608,897,5,18290,17485,805,4,18193,17413,780,4,17726,16274,1452,8,17564,16739,825,5,61816,102
39041,OH,"Delaware County, OH",102670,99005,3665,4,105264,101438,3826,4,107744,103922,3822,4,109553,105848,3705,3,113034,109437,3597,3,112091,106072,6019,5,114622,110501,4121,4,114423,190
39043,OH,"Erie County, OH",37487,35388,2099,6,37574,35494,2080,6,38352,36009,2343,6,38090,35970,2120,6,37654,35782,1872,5,36454,32666,3788,10,37279,34918,2361,6,66252,110
39045,OH,"Fairfield County, OH",75125,71819,3306,4,76253,72940,3313,4,77538,74228,3310,4,77539,74393,3146,4,79158,76176,2982,4,78558,73344,5214,7,79813,76349,3464,4,74987,124
39047,OH,"Fayette County, OH",14069,13367,702,5,14545,13896,649,5,14465,13854,611,4,14164,13581,583,4,13989,13441,548,4,13938,12909,1029,7,13748,13091,657,5,50125,83
39049,OH,"Franklin County, OH",657983,630764,27219,4,669446,641672,27774,4,686535,658718,27817,4,692900,666488,26412,4,703159,678059,25100,4,699903,647092,52811,8,709058,673958,35100,5,62643,104
39051,OH,"Fulton County, OH",22512,21402,1110,5,22766,21700,1066,5,22592,21485,1107,5,22433,21450,983,4,22629,21686,943,4,21739,20025,1714,8,21631,20612,1019,5,60550,100
39053,OH,"Gallia County, OH",12247,11444,803,7,12176,11340,836,7,12350,11535,815,7,12352,11608,744,6,12324,11653,671,5,12199,11223,976,8,12111,11427,684,6,50642,84
39055,OH,"Geauga County, OH",48701,46652,2049,4,49049,46852,2197,5,49774,47430,2344,5,49880,47866,2014,4,50343,48538,1805,4,46661,43470,3191,7,47402,45445,1957,4,84510,140
39057,OH,"Greene County, OH",80645,77086,3559,4,81414,77853,3561,4,82947,79418,3529,4,83120,79769,3351,4,84256,81069,3187,4,82426,77103,5323,7,82422,78872,3550,4,71673,119
39059,OH,"Guernsey County, OH",19270,18061,1209,6,18968,17613,1355,7,19052,17907,1145,6,18846,17810,1036,6,18763,17731,1032,6,18252,16664,1588,9,17904,16906,998,6,45808,76
39061,OH,"Hamilton County, OH",402777,384465,18312,5,406542,388426,18116,5,412841,394770,18071,4,414702,397694,17008,4,419902,403800,16102,4,412480,380073,32407,8,415153,394977,20176,5,63919,106
39063,OH,"Hancock County, OH",40887,39373,1514,4,41625,40080,1545,4,41831,40322,1509,4,41558,40143,1415,3,42245,40895,1350,3,41424,38600,2824,7,41002,39311,1691,4,61473,102
39065,OH,"Hardin County, OH",14544,13835,709,5,14434,13709,725,5,14429,13717,712,5,14086,13472,614,4,14019,13427,592,4,13917,12789,1128,8,13677,12972,705,5,45312,75
39067,OH,"Harrison County, OH",7208,6750,458,6,6998,6460,538,8,7173,6745,428,6,6962,6599,363,5,6879,6515,364,5,6681,6061,620,9,6502,6096,406,6,49088,81
39069,OH,"Henry County, OH",13595,12826,769,6,13660,12924,736,5,13597,12894,703,5,13365,12708,657,5,13282,12662,620,5,12998,11945,1053,8,12745,12088,657,5,64694,107
39071,OH,"Highland County, OH",16995,15902,1093,6,16998,15913,1085,6,17233,16210,1023,6,17226,16276,950,6,17217,16316,901,5,17396,15886,1510,9,17499,16511,988,6,57155,95
39073,OH,"Hocking County, OH",13057,12319,738,6,13063,12329,734,6,13148,12436,712,5,13025,12363,662,5,13073,12463,610,5,12713,11760,953,8,12874,12255,619,5,53838,89
39075,OH,"Holmes County, OH",20691,19975,716,4,21073,20309,764,4,20914,20175,739,4,20756,20080,676,3,21005,20368,637,3,20880,20064,816,4,21400,20808,592,3,67967,113
39077,OH,"Huron County, OH",27713,25869,1844,7,28231,26380,1851,7,28310,26499,1811,6,28097,26449,1648,6,28218,26582,1636,6,27495,24892,2603,10,27725,26108,1617,6,62143,103
39079,OH,"Jackson County, OH",13095,12100,995,8,12853,11837,1016,8,12963,12041,922,7,12853,12017,836,7,12858,12056,802,6,13123,11975,1148,9,12672,11894,778,6,49636,82
39081,OH,"Jefferson County, OH",29492,27280,2212,8,29024,26583,2441,8,27974,25922,2052,7,27813,26070,1743,6,28050,26401,1649,6,27420,24650,2770,10,27241,25475,1766,7,49642,82
39083,OH,"Knox County, OH",31331,29862,1469,5,31354,29894,1460,5,31492,30077,1415,5,31538,30172,1366,4,31836,30562,1274,4,30907,28987,1920,6,31102,29846,1256,4,68050,113
39085,OH,"Lake County, OH",123551,117946,5605,5,124566,118449,6117,5,127665,121195,6470,5,128368,122751,5617,4,129768,124827,4941,4,121960,111570,10390,9,122641,116398,6243,5,69853,116
39087,OH,"Lawrence County, OH",24984,23503,1481,6,24851,23223,1628,7,24167,22735,1432,6,23916,22584,1332,6,24045,22794,1251,5,23638,21626,2012,9,23226,22039,1187,5,47299,78
39089,OH,"Licking County, OH",87222,83310,3912,5,88594,84685,3909,4,89346,85575,3771,4,89876,86320,3556,4,91371,87930,3441,4,90081,84147,5934,7,91375,87636,3739,4,68982,114
39091,OH,"Logan County, OH",23172,22186,986,4,23413,22426,987,4,23653,22691,962,4,23243,22382,861,4,23033,22186,847,4,22699,20836,1863,8,22462,21532,930,4,61797,102
39093,OH,"Lorain County, OH",149895,141498,8397,6,152264,143118,9146,6,155628,146182,9446,6,156304,148445,7859,5,158344,151370,6974,4,151801,136706,15095,10,151288,142587,8701,6,59954,99
39095,OH,"Lucas County, OH",209455,198218,11237,5,211249,200233,11016,5,211558,199138,12420,6,210684,199681,11003,5,211863,201934,9929,5,208080,186564,21516,10,204976,192214,12762,6,51642,86
39097,OH,"Madison County, OH",20563,19725,838,4,20417,19608,809,4,20717,19914,803,4,20688,19903,785,4,21022,20290,732,4,20485,19253,1232,6,20815,20014,801,4,72834,121
39099,OH,"Mahoning County, OH",107305,100697,6608,6,106380,99542,6838,6,105742,98488,7254,7,104748,98585,6163,6,104107,98092,6015,6,100152,89923,10229,10,98659,92395,6264,6,48937,81
39101,OH,"Marion County, OH",27866,26425,1441,5,27849,26425,1424,5,28232,26811,1421,5,28614,27353,1261,4,28748,27577,1171,4,28244,26098,2146,8,27974,26659,1315,5,52226,87
39103,OH,"Medina County, OH",94525,90591,3934,4,95889,91657,4232,4,98287,93717,4570,5,98994,95071,3923,4,100692,97148,3544,4,94989,87686,7303,8,95616,91488,4128,4,79504,132
39105,OH,"Meigs County, OH",9127,8368,759,8,8990,8218,772,9,9016,8283,733,8,9010,8361,649,7,9197,8559,638,7,8968,8095,873,10,8744,8164,580,7,44622,74
39107,OH,"Mercer County, OH",23077,22312,765,3,23516,22743,773,3,23634,22911,723,3,23745,23094,651,3,23625,23004,621,3,23380,22124,1256,5,22895,22181,714,3,69588,115
39109,OH,"Miami County, OH",52568,50231,2337,4,53220,50887,2333,4,53796,51518,2278,4,53997,51892,2105,4,54860,52819,2041,4,53894,50121,3773,7,53518,51238,2280,4,63699,106
39111,OH,"Monroe County, OH",5563,5004,559,10,5344,4745,599,11,5187,4752,435,8,5214,4811,403,8,5391,4942,449,8,5656,5051,605,11,5312,4923,389,7,48944,81
39113,OH,"Montgomery County, OH",249904,237254,12650,5,251039,238575,12464,5,253155,240829,12326,5,252244,240844,11400,5,253887,243116,10771,4,251066,229324,21742,9,248437,234606,13831,6,54692,91
39115,OH,"Morgan County, OH",6728,6232,496,7,6780,6214,566,8,6736,6281,455,7,6745,6342,403,6,6784,6342,442,7,6682,6065,617,9,6756,6334,422,6,45698,76
39117,OH,"Morrow County, OH",16741,15888,853,5,16834,15978,856,5,16831,16001,830,5,16739,15969,770,5,16973,16266,707,4,16706,15504,1202,7,16911,16149,762,5,68159,113
39119,OH,"Muskingum County, OH",38940,36495,2445,6,39897,37474,2423,6,40012,37750,2262,6,39746,37646,2100,5,40025,38050,1975,5,40198,37072,3126,8,40348,38273,2075,5,52457,87
39121,OH,"Noble County, OH",4991,4624,367,7,4913,4481,432,9,4794,4449,345,7,4793,4474,319,7,4759,4427,332,7,4636,4186,450,10,4628,4314,314,7,52583,87
39123,OH,"Ottawa County, OH",21101,19691,1410,7,21118,19744,1374,7,21329,19898,1431,7,21205,19873,1332,6,21204,19991,1213,6,20566,18690,1876,9,20630,19371,1259,6,65582,109
39125,OH,"Paulding County, OH",8934,8501,433,5,8910,8498,412,5,8937,8543,394,4,8795,8438,357,4,8701,8365,336,4,8681,8033,648,8,8600,8227,373,4,62062,103
39127,OH,"Perry County, OH",15880,14832,1048,7,15954,14929,1025,6,15984,15018,966,6,15833,14943,890,6,16010,15168,842,5,15786,14447,1339,9,15922,15034,888,6,56048,93
39129,OH,"Pickaway County, OH",25828,24585,1243,5,26309,25028,1281,5,26437,25208,1229,5,26292,25162,1130,4,26711,25633,1078,4,26263,24464,1799,7,26648,25460,1188,5,64412,107
39131,OH,"Pike County, OH",10511,9734,777,7,10851,10031,820,8,10920,10160,760,7,10922,10214,708,7,10889,10210,679,6,10857,9837,1020,9,10912,10225,687,6,46413,77
39133,OH,"Portage County, OH",87111,82825,4286,5,87472,83048,4424,5,87961,83542,4419,5,87390,83413,3977,5,88013,84259,3754,4,85380,79156,6224,7,84767,80765,4002,5,64250,106
39135,OH,"Preble County, OH",21054,20028,1026,5,21103,20090,1013,5,21306,20358,948,4,21272,20408,864,4,21330,20521,809,4,21014,19589,1425,7,21552,20677,875,4,60856,101
39137,OH,"Putnam County, OH",18724,17990,734,4,18975,18275,700,4,18991,18319,672,4,18756,18130,626,3,18980,18387,593,3,18530,17493,1037,6,18877,18240,637,3,72299,120
39139,OH,"Richland County, OH",53744,50713,3031,6,53626,50633,2993,6,53515,50600,2915,5,53098,50498,2600,5,52812,50401,2411,5,51670,47026,4644,9,51520,48658,2862,6,52295,87
39141,OH,"Ross County, OH",33827,31996,1831,5,33973,32087,1886,6,34412,32651,1761,5,34968,33388,1580,5,35583,34074,1509,4,35186,32371,2815,8,35174,33475,1699,5,49543,82
39143,OH,"Sandusky County, OH",31461,29929,1532,5,31149,29669,1480,5,31498,30011,1487,5,31032,29632,1400,5,30830,29492,1338,4,29980,27548,2432,8,30368,28788,1580,5,60455,100
39145,OH,"Scioto County, OH",29682,27386,2296,8,29999,27662,2337,8,29767,27670,2097,7,29115,27160,1955,7,29173,27332,1841,6,29082,26546,2536,9,29306,27495,1811,6,44297,73
39147,OH,"Seneca County, OH",27233,25903,1330,5,27259,25914,1345,5,27545,26244,1301,5,27348,26146,1202,4,27656,26502,1154,4,27108,24912,2196,8,26771,25509,1262,5,58129,96
39149,OH,"Shelby County, OH",24157,23107,1050,4,24167,23158,1009,4,24165,23168,997,4,24097,23194,903,4,24375,23505,870,4,23940,22093,1847,8,23791,22797,994,4,67582,112
39151,OH,"Stark County, OH",187170,177206,9964,5,187210,176932,10278,6,188257,178467,9790,5,186994,177846,9148,5,187256,178726,8530,5,183250,168443,14807,8,182193,172691,9502,5,57364,95
39153,OH,"Summit County, OH",272635,258933,13702,5,273479,259430,14049,5,274876,260984,13892,5,272715,260047,12668,5,274825,262992,11833,4,267963,245734,22229,8,265068,250658,14410,5,60715,101
39155,OH,"Trumbull County, OH",91723,85743,5980,7,90798,84612,6186,7,89622,83189,6433,7,88065,82606,5459,6,87687,82276,5411,6,84667,75860,8807,10,83322,77977,5345,6,48929,81
39157,OH,"Tuscarawas County, OH",45594,43118,2476,5,45200,42585,2615,6,45657,43373,2284,5,44782,42747,2035,5,45275,43306,1969,4,44452,41095,3357,8,44346,42291,2055,5,58256,97
39159,OH,"Union County, OH",27111,26059,1052,4,27903,26830,1073,4,28546,27482,1064,4,28774,27777,997,4,29642,28680,962,3,29513,27803,1710,6,29989,28936,1053,4,92198,153
39161,OH,"Van Wert County, OH",14373,13769,604,4,14361,13777,584,4,14583,14013,570,4,14479,13971,508,4,15140,14643,497,3,14734,13699,1035,7,14591,14016,575,4,57863,96
39163,OH,"Vinton County, OH",5479,5116,363,7,5476,5088,388,7,5491,5115,376,7,5526,5184,342,6,5615,5297,318,6,5599,5083,516,9,5513,5172,341,6,49778,83
39165,OH,"Warren County, OH",112777,108041,4736,4,115051,110242,4809,4,117057,112253,4804,4,118802,114238,4564,4,121389,117089,4300,4,119580,111968,7612,6,121173,116335,4838,4,90600,150
39167,OH,"Washington County, OH",28152,26442,1710,6,27890,25931,1959,7,27453,25742,1711,6,27293,25764,1529,6,27653,26159,1494,5,26808,24503,2305,9,26727,25250,1477,6,53450,89
39169,OH,"Wayne County, OH",60189,57793,2396,4,61460,58995,2465,4,62014,59600,2414,4,61405,59201,2204,4,62608,60558,2050,3,60299,56754,3545,6,60229,58061,2168,4,67708,112
39171,OH,"Williams County, OH",19074,18222,852,5,19100,18232,868,5,19108,18274,834,4,19045,18356,689,4,19190,18548,642,3,18782,17330,1452,8,18467,17672,795,4,52458,87
39173,OH,"Wood County, OH",69812,66796,3016,4,70927,67946,2981,4,71047,67933,3114,4,71141,68303,2838,4,72039,69384,2655,4,69186,64309,4877,7,69203,66238,2965,4,67865,112
39175,OH,"Wyandot County, OH",12387,11929,458,4,12724,12249,475,4,12720,12251,469,4,12775,12366,409,3,13143,12730,413,3,12893,12001,892,7,12816,12363,453,4,63516,105
40001,OK,"Adair County, OK",8156,7673,483,6,8141,7683,458,6,8192,7808,384,5,8140,7815,325,4,8070,7754,316,4,8260,7771,489,6,8467,8156,311,4,36749,67
40003,OK,"Alfalfa County, OK",3162,3071,91,3,2965,2870,95,3,2947,2873,74,3,2889,2829,60,2,2787,2733,54,2,2746,2645,101,4,2683,2620,63,2,51157,94
40005,OK,"Atoka County, OK",4856,4548,308,6,5052,4731,321,6,5167,4907,260,5,5049,4848,201,4,4896,4694,202,4,5113,4745,368,7,5021,4784,237,5,42618,78
40007,OK,"Beaver County, OK",3023,2943,80,3,2885,2798,87,3,3026,2952,74,2,3007,2949,58,2,2860,2805,55,2,2570,2501,69,3,2625,2580,45,2,61477,113
40009,OK,"Beckham County, OK",12201,11594,607,5,11011,10246,765,7,11254,10842,412,4,11375,11093,282,3,10439,10126,313,3,9942,9179,763,8,9706,9286,420,4,47625,87
40011,OK,"Blaine County, OK",4484,4316,168,4,4388,4232,156,4,4605,4483,122,3,4467,4381,86,2,4720,4630,90,2,4375,4110,265,6,4402,4272,130,3,55643,102
40013,OK,"Bryan County, OK",18326,17510,816,5,19490,18680,810,4,20308,19571,737,4,20878,20242,636,3,21365,20744,621,3,22318,21168,1150,5,21988,21266,722,3,45213,83
40015,OK,"Caddo County, OK",11826,11231,595,5,11908,11298,610,5,12327,11812,515,4,12074,11660,414,3,11772,11373,399,3,11894,11180,714,6,12011,11566,445,4,48380,89
40017,OK,"Canadian County, OK",68258,65855,2403,4,69350,66683,2667,4,70821,68466,2355,3,73268,71324,1944,3,75634,73593,2041,3,77282,72687,4595,6,78317,75802,2515,3,75452,138
40019,OK,"Carter County, OK",22540,21541,999,4,22690,21557,1133,5,22370,21413,957,4,22047,21305,742,3,21400,20704,696,3,21239,19729,1510,7,21388,20447,941,4,46781,86
40021,OK,"Cherokee County, OK",19249,18279,970,5,19259,18237,1022,5,19084,18109,975,5,18740,17980,760,4,18720,18012,708,4,19489,18401,1088,6,19939,19116,823,4,49553,91
40023,OK,"Choctaw County, OK",5906,5464,442,8,5742,5319,423,7,5696,5364,332,6,5668,5395,273,5,5408,5158,250,5,5552,5128,424,8,5940,5633,307,5,41622,76
40025,OK,"Cimarron County, OK",1375,1345,30,2,1416,1382,34,2,1414,1382,32,2,1373,1348,25,2,1322,1300,22,2,1397,1368,29,2,1503,1476,27,2,50804,93
40027,OK,"Cleveland County, OK",138083,133326,4757,3,139036,133913,5123,4,139286,134646,4640,3,141067,137134,3933,3,142910,139052,3858,3,142056,134026,8030,6,144386,139744,4642,3,64011,117
40029,OK,"Coal County, OK",2316,2144,172,7,2317,2153,164,7,2263,2148,115,5,2284,2203,81,4,2446,2355,91,4,2275,2117,158,7,2292,2188,104,5,41162,76
40031,OK,"Comanche County, OK",49607,47502,2105,4,49391,47196,2195,4,48737,46703,2034,4,48152,46342,1810,4,47971,46303,1668,4,47820,44578,3242,7,47741,45802,1939,4,54007,99
40033,OK,"Cotton County, OK",2859,2743,116,4,2887,2753,134,5,2788,2682,106,4,2726,2644,82,3,2652,2571,81,3,2704,2511,193,7,2708,2598,110,4,46266,85
40035,OK,"Craig County, OK",6256,5961,295,5,6245,5954,291,5,6069,5819,250,4,6070,5867,203,3,5899,5700,199,3,5785,5468,317,6,5714,5506,208,4,43804,80
40037,OK,"Creek County, OK",31309,29795,1514,5,31452,29687,1765,6,31367,29884,1483,5,31358,30210,1148,4,31437,30329,1108,4,30901,28850,2051,7,31131,29812,1319,4,49954,92
40039,OK,"Custer County, OK",15646,15028,618,4,15181,14514,667,4,15366,14896,470,3,15619,15253,366,2,15563,15186,377,2,15019,14197,822,6,15179,14686,493,3,55826,102
40041,OK,"Delaware County, OK",17460,16618,842,5,17947,17100,847,5,18504,17735,769,4,17889,17213,676,4,18059,17409,650,4,18276,17287,989,5,18692,18066,626,3,43147,79
40043,OK,"Dewey County, OK",2495,2407,88,4,2673,2568,105,4,2515,2447,68,3,2760,2709,51,2,2886,2828,58,2,2676,2545,131,5,2728,2654,74,3,56711,104
40045,OK,"Ellis County, OK",2390,2295,95,4,2254,2171,83,4,2216,2150,66,3,2193,2147,46,2,2128,2078,50,2,2129,2032,97,5,2102,2043,59,3,56763,104
40047,OK,"Garfield County, OK",30065,28910,1155,4,28969,27748,1221,4,27702,26690,1012,4,27118,26330,788,3,26987,26217,770,3,26854,25369,1485,6,26842,25917,925,3,61501,113
40049,OK,"Garvin County, OK",12821,12233,588,5,12697,12042,655,5,12585,12088,497,4,12628,12231,397,3,12540,12162,378,3,12694,11894,800,6,12682,12206,476,4,47391,87
40051,OK,"Grady County, OK",26200,25052,1148,4,26059,24810,1249,5,25968,24972,996,4,26203,25433,770,3,26413,25634,779,3,26284,24650,1634,6,26685,25758,927,4,58621,108
40053,OK,"Grant County, OK",3289,3195,94,3,3003,2910,93,3,2879,2809,70,2,2727,2673,54,2,2652,2599,53,2,2760,2667,93,3,2724,2655,69,3,51399,94
40055,OK,"Greer County, OK",2166,2047,119,6,2186,2030,156,7,2050,1949,101,5,1956,1881,75,4,1818,1745,73,4,1867,1725,142,8,1859,1764,95,5,42010,77
40057,OK,"Harmon County, OK",1302,1258,44,3,1292,1244,48,4,1268,1222,46,4,1204,1170,34,3,1174,1142,32,3,1168,1126,42,4,1184,1154,30,3,40246,74
40059,OK,"Harper County, OK",1986,1927,59,3,1908,1838,70,4,1868,1814,54,3,1789,1749,40,2,1723,1676,47,3,1763,1702,61,4,1789,1745,44,3,57833,106
40061,OK,"Haskell County, OK",4472,4126,346,8,4493,4134,359,8,4345,4073,272,6,4200,3994,206,5,4214,4003,211,5,4216,3877,339,8,4248,4027,221,5,41253,76
40063,OK,"Hughes County, OK",5725,5307,418,7,5503,5117,386,7,5383,5098,285,5,5335,5121,214,4,5303,5060,243,5,5295,4892,403,8,5191,4923,268,5,39333,72
40065,OK,"Jackson County, OK",10867,10436,431,4,10991,10526,465,4,10805,10418,387,4,10715,10403,312,3,10613,10319,294,3,10567,10131,436,4,10785,10481,304,3,56779,104
40067,OK,"Jefferson County, OK",2677,2527,150,6,2705,2518,187,7,2485,2354,131,5,2575,2491,84,3,2483,2407,76,3,2554,2384,170,7,2471,2373,98,4,43014,79
40069,OK,"Johnston County, OK",3965,3713,252,6,4368,4120,248,6,5021,4832,189,4,5180,5033,147,3,3744,3590,154,4,3743,3454,289,8,3684,3516,168,5,45361,83
40071,OK,"Kay County, OK",19175,18113,1062,6,18913,17761,1152,6,19130,18151,979,5,18842,17999,843,5,18216,17480,736,4,18245,17017,1228,7,18421,17622,799,4,50256,92
40073,OK,"Kingfisher County, OK",8275,8021,254,3,8444,8174,270,3,8685,8457,228,3,8896,8714,182,2,9067,8890,177,2,8721,8336,385,4,8647,8419,228,3,71450,131
40075,OK,"Kiowa County, OK",4160,3971,189,5,4104,3893,211,5,3911,3716,195,5,3512,3372,140,4,3418,3297,121,4,3499,3320,179,5,3614,3493,121,3,40112,74
40077,OK,"Latimer County, OK",3855,3550,305,8,3716,3406,310,8,3377,3137,240,7,3201,3017,184,6,3110,2924,186,6,3138,2816,322,10,3086,2861,225,7,40831,75
40079,OK,"Le Flore County, OK",19608,18285,1323,7,19720,18405,1315,7,19261,18204,1057,6,19105,18259,846,4,18943,18098,845,5,19023,17673,1350,7,19236,18340,896,5,40632,75
40081,OK,"Lincoln County, OK",15865,15143,722,5,15857,15044,813,5,15710,15064,646,4,15630,15096,534,3,15640,15111,529,3,15458,14577,881,6,15810,15249,561,4,56957,105
40083,OK,"Logan County, OK",21461,20665,796,4,21559,20717,842,4,21589,20836,753,4,21874,21235,639,3,22248,21640,608,3,22227,21070,1157,5,22737,21997,740,3,72617,133
40085,OK,"Love County, OK",5974,5767,207,4,6568,6368,200,3,6561,6376,185,3,6411,6278,133,2,6154,6021,133,2,6495,6218,277,4,6054,5896,158,3,54219,100
40087,OK,"McClain County, OK",18746,18067,679,4,18944,18192,752,4,19161,18520,641,3,19466,18947,519,3,19725,19212,513,3,19999,18886,1113,6,20387,19754,633,3,68563,126
40089,OK,"McCurtain County, OK",14713,13575,1138,8,14780,13760,1020,7,14684,13808,876,6,14085,13343,742,5,14350,13575,775,5,14944,13932,1012,7,15662,14969,693,4,45380,83
40091,OK,"McIntosh County, OK",7072,6476,596,8,7042,6435,607,9,6905,6400,505,7,6831,6444,387,6,7067,6675,392,6,7105,6496,609,9,7106,6674,432,6,37535,69
40093,OK,"Major County, OK",4296,4159,137,3,3991,3832,159,4,4006,3886,120,3,3997,3915,82,2,3850,3771,79,2,3668,3491,177,5,3680,3565,115,3,54851,101
40095,OK,"Marshall County, OK",6777,6416,361,5,6607,6285,322,5,6547,6258,289,4,6722,6479,243,4,6873,6645,228,3,6802,6356,446,7,6987,6731,256,4,51072,94
40097,OK,"Mayes County, OK",19389,18572,817,4,19418,18464,954,5,19155,18299,856,5,19747,19113,634,3,19329,18757,572,3,19241,18247,994,5,19364,18639,725,4,50905,93
40099,OK,"Murray County, OK",6762,6483,279,4,6338,6062,276,4,6376,6152,224,4,6462,6281,181,3,6296,6116,180,3,6110,5728,382,6,6097,5860,237,4,55318,102
40101,OK,"Muskogee County, OK",29552,28071,1481,5,29588,28033,1555,5,29421,28005,1416,5,29107,27988,1119,4,29490,28405,1085,4,28999,27213,1786,6,28881,27629,1252,4,42607,78
40103,OK,"Noble County, OK",5637,5442,195,4,5756,5560,196,3,5738,5559,179,3,5707,5565,142,3,5645,5516,129,2,5451,5225,226,4,5564,5423,141,3,56632,104
40105,OK,"Nowata County, OK",4794,4527,267,6,4679,4404,275,6,4595,4359,236,5,4604,4418,186,4,4549,4401,148,3,4588,4343,245,5,4637,4474,163,4,45719,84
40107,OK,"Okfuskee County, OK",4537,4278,259,6,4545,4278,267,6,4440,4186,254,6,4484,4280,204,5,4586,4387,199,4,4388,4090,298,7,4425,4210,215,5,45823,84
40109,OK,"Oklahoma County, OK",374610,360212,14398,4,374767,359263,15504,4,376406,362194,14212,4,380478,368385,12093,3,384056,372568,11488,3,383293,358408,24885,7,389697,373878,15819,4,55332,102
40111,OK,"Okmulgee County, OK",16197,15144,1053,7,16123,15005,1118,7,15863,14914,949,6,15570,14829,741,5,15679,14947,732,5,15323,14185,1138,7,15459,14660,799,5,50442,93
40113,OK,"Osage County, OK",21201,20111,1090,5,21040,19871,1169,6,20669,19658,1011,5,20606,19757,849,4,20577,19836,741,4,20130,18796,1334,7,20265,19410,855,4,50490,93
40115,OK,"Ottawa County, OK",14359,13641,718,5,14450,13749,701,5,14429,13835,594,4,14315,13839,476,3,14173,13723,450,3,14226,13408,818,6,14418,13957,461,3,40249,74
40117,OK,"Pawnee County, OK",7464,7039,425,6,7478,6999,479,6,7370,6997,373,5,7322,7031,291,4,7320,7046,274,4,7223,6742,481,7,7283,6983,300,4,51960,95
40119,OK,"Payne County, OK",38368,37049,1319,3,38882,37488,1394,4,38748,37438,1310,3,38536,37445,1091,3,38003,36964,1039,3,37540,35533,2007,5,38102,36873,1229,3,39681,73
40121,OK,"Pittsburg County, OK",17414,16446,968,6,17604,16561,1043,6,17686,16804,882,5,17800,17140,660,4,17117,16438,679,4,16610,15332,1278,8,16392,15535,857,5,50416,93
40123,OK,"Pontotoc County, OK",18232,17524,708,4,18442,17717,725,4,18516,17856,660,4,18601,18050,551,3,18887,18323,564,3,19111,18110,1001,5,19191,18552,639,3,50587,93
40125,OK,"Pottawatomie County, OK",32715,31279,1436,4,33026,31553,1473,5,32906,31619,1287,4,32473,31313,1160,4,32274,31166,1108,3,32172,30179,1993,6,32707,31444,1263,4,50118,92
40127,OK,"Pushmataha County, OK",4906,4533,373,8,4866,4523,343,7,4710,4433,277,6,4479,4255,224,5,4263,4063,200,5,4443,4143,300,7,4708,4508,200,4,38912,71
40129,OK,"Roger Mills County, OK",1837,1761,76,4,1809,1719,90,5,1876,1818,58,3,1871,1828,43,2,1848,1796,52,3,1773,1682,91,5,1802,1750,52,3,51279,94
40131,OK,"Rogers County, OK",44578,42672,1906,4,44828,42659,2169,5,44430,42580,1850,4,44746,43327,1419,3,45157,43840,1317,3,44609,41984,2625,6,44863,43285,1578,4,67243,123
40133,OK,"Seminole County, OK",9592,8954,638,7,9424,8795,629,7,9404,8896,508,5,9461,9031,430,5,9392,8963,429,5,9170,8479,691,8,9125,8662,463,5,42418,78
40135,OK,"Sequoyah County, OK",16755,15718,1037,6,16815,15799,1016,6,16508,15652,856,5,16284,15609,675,4,16280,15650,630,4,16378,15242,1136,7,16550,15832,718,4,47188,87
40137,OK,"Stephens County, OK",20255,19071,1184,6,18974,17232,1742,9,18110,17048,1062,6,18457,17757,700,4,18515,17760,755,4,18430,16974,1456,8,18751,17907,844,5,52905,97
40139,OK,"Texas County, OK",9688,9384,304,3,9396,9089,307,3,9336,9060,276,3,8999,8762,237,3,11174,10970,204,2,11246,10982,264,2,11412,11202,210,2,61334,113
40141,OK,"Tillman County, OK",3355,3215,140,4,3308,3167,141,4,3257,3127,130,4,3089,2978,111,4,2988,2883,105,4,3018,2827,191,6,2921,2797,124,4,41610,76
40143,OK,"Tulsa County, OK",317640,304809,12831,4,317900,303589,14311,5,318416,305546,12870,4,320901,310559,10342,3,323628,313891,9737,3,322431,301019,21412,7,323923,310848,13075,4,58863,108
40145,OK,"Wagoner County, OK",36223,34737,1486,4,36576,34892,1684,5,36904,35378,1526,4,37672,36472,1200,3,38361,37224,1137,3,38363,36111,2252,6,38649,37279,1370,4,66375,122
40147,OK,"Washington County, OK",24436,23410,1026,4,23906,22779,1127,5,23140,22152,988,4,22844,21988,856,4,22275,21552,723,3,22159,20841,1318,6,22455,21609,846,4,48144,88
40149,OK,"Washita County, OK",5601,5297,304,5,5311,4956,355,7,5350,5126,224,4,5256,5103,153,3,5144,4980,164,3,5082,4735,347,7,4963,4749,214,4,51270,94
40151,OK,"Woods County, OK",5367,5222,145,3,5216,5055,161,3,4908,4787,121,3,4631,4535,96,2,4581,4492,89,2,4580,4421,159,4,4733,4634,99,2,52504,96
40153,OK,"Woodward County, OK",10295,9775,520,5,9502,8933,569,6,9404,9036,368,4,9236,8995,241,3,8946,8700,246,3,8881,8271,610,7,8665,8300,365,4,54328,100
41001,OR,"Baker County, OR",6675,6235,440,7,6933,6504,429,6,6960,6586,374,5,7066,6699,367,5,7110,6788,322,5,7269,6747,522,7,7467,7083,384,5,44872,66
41003,OR,"Benton County, OR",45479,43607,1872,4,46695,44891,1804,4,47990,46456,1534,3,47842,46370,1472,3,47425,46015,1410,3,46653,44036,2617,6,47556,45683,1873,4,66378,98
41005,OR,"Clackamas County, OR",205321,195069,10252,5,212188,203105,9083,4,216100,208169,7931,4,216445,208578,7867,4,218388,211061,7327,3,218357,202544,15813,7,222815,212018,10797,5,82539,122
41007,OR,"Clatsop County, OR",18363,17385,978,5,18975,18097,878,5,19096,18325,771,4,19112,18354,758,4,19302,18586,716,4,19269,17441,1828,10,19452,18284,1168,6,63238,93
41009,OR,"Columbia County, OR",22688,21104,1584,7,23557,22143,1414,6,24094,22876,1218,5,24124,22943,1181,5,24192,23118,1074,4,24130,22221,1909,8,24640,23222,1418,6,73023,108
41011,OR,"Coos County, OR",25953,24071,1882,7,26370,24713,1657,6,26288,24866,1422,5,26028,24666,1362,5,26116,24865,1251,5,26580,24285,2295,9,27033,25337,1696,6,50848,75
41013,OR,"Crook County, OR",9021,8285,736,8,9316,8682,634,7,9355,8771,584,6,9430,8884,546,6,9807,9305,502,5,10369,9454,915,9,10941,10205,736,7,68598,101
41015,OR,"Curry County, OR",8712,8011,701,8,9019,8421,598,7,8906,8374,532,6,8878,8355,523,6,8856,8403,453,5,8961,8183,778,9,9158,8546,612,7,48377,71
41017,OR,"Deschutes County, OR",84796,79935,4861,6,89650,85369,4281,5,92645,88783,3862,4,94324,90460,3864,4,95926,92211,3715,4,98204,90396,7808,8,102553,97124,5429,5,66467,98
41019,OR,"Douglas County, OR",44376,41128,3248,7,45583,42770,2813,6,45913,43500,2413,5,46112,43716,2396,5,46437,44200,2237,5,47323,43658,3665,8,47860,45073,2787,6,52355,77
41021,OR,"Gilliam County, OR",810,759,51,6,836,787,49,6,850,814,36,4,851,819,32,4,942,908,34,4,992,930,62,6,940,895,45,5,63088,93
41023,OR,"Grant County, OR",3090,2828,262,9,3098,2866,232,8,3110,2900,210,7,3112,2899,213,7,3176,2961,215,7,3201,2933,268,8,3247,3030,217,7,50819,75
41025,OR,"Harney County, OR",3305,3074,231,7,3413,3204,209,6,3387,3178,209,6,3508,3303,205,6,3564,3379,185,5,3635,3420,215,6,3761,3568,193,5,48790,72
41027,OR,"Hood River County, OR",13537,12914,623,5,13877,13312,565,4,14255,13753,502,4,14364,13902,462,3,14389,13940,449,3,14100,13215,885,6,14410,13758,652,5,81718,121
41029,OR,"Jackson County, OR",98070,91580,6490,7,101140,95428,5712,6,102582,97799,4783,5,103422,98641,4781,5,103412,98989,4423,4,105118,96906,8212,8,107706,101863,5843,5,57334,85
41031,OR,"Jefferson County, OR",9646,8957,689,7,9833,9195,638,7,9908,9362,546,6,10094,9561,533,5,10117,9612,505,5,10321,9470,851,8,10459,9782,677,7,63683,94
41033,OR,"Josephine County, OR",33275,30766,2509,8,34195,32019,2176,6,34943,33100,1843,5,35335,33435,1900,5,35672,33926,1746,5,36117,33262,2855,8,36990,34710,2280,6,47740,70
41035,OR,"Klamath County, OR",28664,26481,2183,8,29144,27206,1938,7,29352,27644,1708,6,29313,27507,1806,6,29328,27554,1774,6,29519,26952,2567,9,29770,27762,2008,7,49675,73
41037,OR,"Lake County, OR",3436,3179,257,8,3443,3228,215,6,3486,3291,195,6,3551,3358,193,5,3606,3414,192,5,3656,3450,206,6,3721,3517,204,6,48669,72
41039,OR,"Lane County, OR",172635,162845,9790,6,178047,169145,8902,5,180311,172433,7878,4,179863,172070,7793,4,180022,172839,7183,4,179141,165033,14108,8,182197,172142,10055,6,58818,87
41041,OR,"Lincoln County, OR",20529,19197,1332,7,20843,19695,1148,6,20957,19974,983,5,20885,19901,984,5,20759,19871,888,4,20757,18505,2252,11,21119,19680,1439,7,53883,79
41043,OR,"Linn County, OR",55211,51589,3622,7,56682,53505,3177,6,57436,54752,2684,5,58285,55623,2662,5,58507,56004,2503,4,59127,54551,4576,8,60636,57235,3401,6,65516,97
41045,OR,"Malheur County, OR",11960,11218,742,6,12445,11771,674,5,12466,11896,570,5,12339,11791,548,4,12268,11772,496,4,12578,11918,660,5,12717,12163,554,4,46278,68
41047,OR,"Marion County, OR",152715,143774,8941,6,157013,149200,7813,5,159089,152304,6785,4,159745,153093,6652,4,161459,155206,6253,4,162560,151236,11324,7,167425,158910,8515,5,64990,96
41049,OR,"Morrow County, OR",5545,5235,310,6,5753,5478,275,5,5720,5471,249,4,5690,5453,237,4,5743,5510,233,4,5770,5473,297,5,5966,5694,272,5,59956,88
41051,OR,"Multnomah County, OR",430032,409444,20588,5,442861,424464,18397,4,450620,434508,16112,4,448867,432846,16021,4,451347,436702,14645,3,456024,416679,39345,9,461936,436295,25641,6,74707,110
41053,OR,"Polk County, OR",36607,34598,2009,6,38236,36337,1899,5,39063,37397,1666,4,39358,37694,1664,4,40018,38420,1598,4,40644,37994,2650,7,42006,39974,2032,5,66973,99
41055,OR,"Sherman County, OR",888,835,53,6,892,852,40,5,893,851,42,5,892,857,35,4,925,893,32,4,977,916,61,6,963,922,41,4,62271,92
41057,OR,"Tillamook County, OR",11396,10771,625,6,11612,11051,561,5,11674,11186,488,4,11754,11255,499,4,11852,11399,453,4,11862,10910,952,8,12137,11469,668,6,57533,85
41059,OR,"Umatilla County, OR",35260,33075,2185,6,35921,34040,1881,5,36464,34736,1728,5,36240,34509,1731,5,36592,34857,1735,5,36986,34480,2506,7,37687,35718,1969,5,62560,92
41061,OR,"Union County, OR",11708,11005,703,6,11944,11252,692,6,11894,11278,616,5,11855,11238,617,5,11952,11384,568,5,12014,11072,942,8,12222,11542,680,6,58779,87
41063,OR,"Wallowa County, OR",3242,2996,246,8,3305,3087,218,7,3294,3112,182,6,3375,3179,196,6,3419,3224,195,6,3462,3216,246,7,3622,3426,196,5,51506,76
41065,OR,"Wasco County, OR",13032,12320,712,6,13655,13011,644,5,13716,13155,561,4,13252,12704,548,4,13355,12815,540,4,13452,12498,954,7,13684,12968,716,5,55519,82
41067,OR,"Washington County, OR",301910,288084,13826,5,312711,300084,12627,4,318470,307517,10953,3,320147,309361,10786,3,323935,314045,9890,3,320607,299729,20878,7,327487,313135,14352,4,85385,126
41069,OR,"Wheeler County, OR",692,657,35,5,684,656,28,4,729,701,28,4,716,692,24,3,709,679,30,4,694,664,30,4,726,702,24,3,43367,64
41071,OR,"Yamhill County, OR",50900,48276,2624,5,53067,50668,2399,5,53671,51688,1983,4,54030,52076,1954,4,54352,52525,1827,3,54131,50468,3663,7,55328,52704,2624,5,68266,101
42001,PA,"Adams County, PA",54980,52627,2353,4,55472,53294,2178,4,55878,53794,2084,4,55740,53838,1902,3,55965,54078,1887,3,54605,50835,3770,7,54462,52066,2396,4,70470,109
42003,PA,"Allegheny County, PA",647733,615035,32698,5,648489,615242,33247,5,651929,620570,31359,5,651614,624269,27345,4,656477,628729,27748,4,644176,585953,58223,9,630750,592281,38469,6,64236,99
42005,PA,"Armstrong County, PA",33051,30813,2238,7,33133,30674,2459,7,32643,30597,2046,6,32413,30722,1691,5,32452,30760,1692,5,31723,28603,3120,10,31268,28903,2365,8,52958,82
42007,PA,"Beaver County, PA",85836,80545,5291,6,85443,80207,5236,6,85241,80434,4807,6,84526,80523,4003,5,84799,80859,3940,5,83688,75060,8628,10,81745,75860,5885,7,56649,87
42009,PA,"Bedford County, PA",24138,22646,1492,6,24082,22687,1395,6,23983,22722,1261,5,23924,22808,1116,5,23880,22732,1148,5,23950,21791,2159,9,23723,22317,1406,6,52643,81
42011,PA,"Berks County, PA",212575,201893,10682,5,213539,203031,10508,5,214413,204385,10028,5,215228,205903,9325,4,217947,208196,9751,5,214967,194595,20372,10,211376,197487,13889,7,70057,108
42013,PA,"Blair County, PA",61011,57810,3201,5,60859,57677,3182,5,60697,57720,2977,5,60070,57445,2625,4,60290,57507,2783,5,60042,54823,5219,9,59237,55701,3536,6,52177,80
42015,PA,"Bradford County, PA",31381,29490,1891,6,30214,28262,1952,7,29574,28030,1544,5,29159,27835,1324,5,29022,27722,1300,5,28471,26329,2142,8,27852,26294,1558,6,55787,86
42017,PA,"Bucks County, PA",337666,321616,16050,5,341373,325784,15589,5,343469,328632,14837,4,344427,330950,13477,4,348636,334924,13712,4,343462,315041,28421,8,342596,324437,18159,5,92441,142
42019,PA,"Butler County, PA",98129,93410,4719,5,98766,93817,4949,5,99554,94928,4626,5,100311,96263,4048,4,101175,97139,4036,4,99378,91640,7738,8,98106,92616,5490,6,74721,115
42021,PA,"Cambria County, PA",62371,58206,4165,7,61532,57404,4128,7,60219,56525,3694,6,58860,55687,3173,5,58515,55321,3194,6,56988,51562,5426,10,55668,51760,3908,7,48653,75
42023,PA,"Cameron County, PA",2265,2100,165,7,2234,2072,162,7,2216,2062,154,7,2160,2048,112,5,2115,1987,128,6,2065,1807,258,13,2009,1855,154,8,46151,71
42025,PA,"Carbon County, PA",31477,29534,1943,6,31613,29747,1866,6,31789,29992,1797,6,32070,30387,1683,5,32519,30723,1796,6,31966,28839,3127,10,32079,29924,2155,7,60593,93
42027,PA,"Centre County, PA",77816,74668,3148,4,79058,75796,3262,4,79801,76808,2993,4,80454,77735,2719,3,80830,78054,2776,3,77577,73057,4520,6,76030,72547,3483,5,62795,97
42029,PA,"Chester County, PA",277098,266346,10752,4,280797,270039,10758,4,283553,273197,10356,4,285793,276376,9417,3,290781,281287,9494,3,285148,266873,18275,6,286372,274342,12030,4,107491,166
42031,PA,"Clarion County, PA",18278,17167,1111,6,18053,16953,1100,6,17891,16866,1025,6,17589,16710,879,5,17273,16407,866,5,16995,15585,1410,8,16640,15565,1075,7,52642,81
42033,PA,"Clearfield County, PA",36435,33969,2466,7,36354,33733,2621,7,36200,34022,2178,6,36121,34250,1871,5,36344,34409,1935,5,36093,32772,3321,9,35498,33007,2491,7,48794,75
42035,PA,"Clinton County, PA",18778,17460,1318,7,18579,17278,1301,7,18526,17372,1154,6,18562,17539,1023,6,18502,17474,1028,6,17910,16349,1561,9,17226,16076,1150,7,54652,84
42037,PA,"Columbia County, PA",33751,31808,1943,6,33950,32091,1859,6,34028,32235,1793,5,33853,32187,1666,5,33840,32189,1651,5,33784,31042,2742,8,33275,31328,1947,6,56176,87
42039,PA,"Crawford County, PA",41059,38884,2175,5,40559,38150,2409,6,39808,37586,2222,6,39322,37412,1910,5,39038,37146,1892,5,38660,35224,3436,9,37822,35305,2517,7,52372,81
42041,PA,"Cumberland County, PA",128407,123192,5215,4,130295,125064,5231,4,131396,126312,5084,4,132055,127480,4575,4,134203,129560,4643,4,133054,124212,8842,7,132627,126550,6077,5,69546,107
42043,PA,"Dauphin County, PA",141032,134341,6691,5,142301,135593,6708,5,143690,137104,6586,5,144231,138273,5958,4,146075,140029,6046,4,146534,133508,13026,9,145162,136049,9113,6,63265,98
42045,PA,"Delaware County, PA",291615,277085,14530,5,294655,280449,14206,5,297750,284084,13666,5,299233,286729,12504,4,303096,290501,12595,4,298936,271519,27417,9,295824,277226,18598,6,75174,116
42047,PA,"Elk County, PA",16334,15514,820,5,16356,15464,892,6,16159,15368,791,5,16038,15399,639,4,15824,15040,784,5,15420,13546,1874,12,14836,13814,1022,7,52952,82
42049,PA,"Erie County, PA",134801,127260,7541,6,133789,125178,8611,6,131953,124230,7723,6,130607,124230,6377,5,130359,124269,6090,5,128723,116100,12623,10,126536,117276,9260,7,55181,85
42051,PA,"Fayette County, PA",58414,53952,4462,8,58506,53815,4691,8,57956,53873,4083,7,57452,53964,3488,6,57499,53979,3520,6,56830,50131,6699,12,55515,50665,4850,9,45256,70
42053,PA,"Forest County, PA",1900,1748,152,8,1893,1746,147,8,1851,1726,125,7,1839,1720,119,7,1833,1705,128,7,1815,1623,192,11,1747,1602,145,8,40667,63
42055,PA,"Franklin County, PA",77875,73942,3933,5,77607,73651,3956,5,77298,73804,3494,5,77787,74795,2992,4,78527,75436,3091,4,78502,72545,5957,8,77153,73196,3957,5,57812,89
42057,PA,"Fulton County, PA",7446,6973,473,6,7314,6857,457,6,7315,6938,377,5,7910,7584,326,4,7790,7431,359,5,7504,6609,895,12,7109,6661,448,6,61202,94
42059,PA,"Greene County, PA",18171,17061,1110,6,17318,15991,1327,8,16954,15937,1017,6,16777,15929,848,5,16798,15917,881,5,16153,14579,1574,10,15723,14575,1148,7,59324,91
42061,PA,"Huntingdon County, PA",19684,18276,1408,7,19687,18326,1361,7,19985,18769,1216,6,20026,18923,1103,6,20124,18906,1218,6,19826,17736,2090,11,19181,17776,1405,7,55282,85
42063,PA,"Indiana County, PA",41777,39092,2685,6,40217,37321,2896,7,39611,37264,2347,6,39199,37198,2001,5,39491,37451,2040,5,38132,34661,3471,9,37090,34461,2629,7,53533,83
42065,PA,"Jefferson County, PA",20983,19678,1305,6,20730,19326,1404,7,20760,19585,1175,6,20738,19737,1001,5,20782,19774,1008,5,20351,18565,1786,9,19626,18346,1280,7,52856,81
42067,PA,"Juniata County, PA",11994,11389,605,5,12217,11570,647,5,12491,11909,582,5,12593,12066,527,4,12745,12166,579,5,12745,11830,915,7,12501,11877,624,5,59591,92
42069,PA,"Lackawanna County, PA",106458,100145,6313,6,107087,101105,5982,6,106928,101344,5584,5,106463,101395,5068,5,106301,100971,5330,5,105010,94896,10114,10,103325,96225,7100,7,56911,88
42071,PA,"Lancaster County, PA",276028,264467,11561,4,278301,266858,11443,4,281545,270538,11007,4,285302,275237,10065,4,288378,278164,10214,4,285487,264119,21368,8,284893,270883,14010,5,73006,113
42073,PA,"Lawrence County, PA",42140,39429,2711,6,41562,38799,2763,7,41018,38493,2525,6,41250,39070,2180,5,41149,38988,2161,5,40785,36557,4228,10,39632,36612,3020,8,50373,78
42075,PA,"Lebanon County, PA",70081,66849,3232,5,70694,67561,3133,4,71387,68391,2996,4,72007,69180,2827,4,73139,70213,2926,4,72985,67204,5781,8,72636,68671,3965,6,63605,98
42077,PA,"Lehigh County, PA",185867,175780,10087,5,189319,179314,10005,5,191452,181692,9760,5,193125,183886,9239,5,195732,186666,9066,5,194736,176099,18637,10,196119,182781,13338,7,65733,101
42079,PA,"Luzerne County, PA",158870,148426,10444,7,159198,149291,9907,6,160068,150490,9578,6,159673,150704,8969,6,160092,150771,9321,6,159443,141990,17453,11,156930,143982,12948,8,52281,81
42081,PA,"Lycoming County, PA",60933,57180,3753,6,58797,54941,3856,7,58389,55072,3317,6,57951,55068,2883,5,57557,54714,2843,5,56760,51752,5008,9,55322,51607,3715,7,56751,87
42083,PA,"McKean County, PA",18989,17814,1175,6,18515,17303,1212,7,18337,17200,1137,6,18015,17115,900,5,17517,16571,946,5,17323,15621,1702,10,16882,15711,1171,7,52359,81
42085,PA,"Mercer County, PA",53022,50077,2945,6,52607,49502,3105,6,51162,48322,2840,6,50481,48012,2469,5,49554,47078,2476,5,48710,43991,4719,10,47850,44435,3415,7,51743,80
42087,PA,"Mifflin County, PA",20924,19693,1231,6,20836,19657,1179,6,20868,19740,1128,5,21004,19983,1021,5,21278,20261,1017,5,21331,19526,1805,9,20860,19593,1267,6,54517,84
42089,PA,"Monroe County, PA",80817,75512,5305,7,82003,76939,5064,6,83002,78056,4946,6,83259,78631,4628,6,84265,79615,4650,6,82783,73276,9507,12,81973,75678,6295,8,71686,111
42091,PA,"Montgomery County, PA",440958,422288,18670,4,448108,429780,18328,4,452283,434530,17753,4,455203,438929,16274,4,461953,445356,16597,4,454869,420355,34514,8,455531,432931,22600,5,94094,145
42093,PA,"Montour County, PA",9148,8746,402,4,9142,8757,385,4,9186,8827,359,4,9192,8859,333,4,9262,8922,340,4,9096,8531,565,6,9001,8609,392,4,63341,98
42095,PA,"Northampton County, PA",156657,148266,8391,5,159085,150961,8124,5,160098,152125,7973,5,161415,153991,7424,5,163543,156047,7496,5,161346,146914,14432,9,162125,152487,9638,6,73903,114
42097,PA,"Northumberland County, PA",43454,40755,2699,6,44014,41296,2718,6,44074,41537,2537,6,43570,41201,2369,5,43635,41130,2505,6,42800,38777,4023,9,42079,39224,2855,7,47825,74
42099,PA,"Perry County, PA",24113,23016,1097,5,24316,23206,1110,5,24514,23447,1067,4,24494,23542,952,4,24762,23820,942,4,24330,22681,1649,7,24211,23084,1127,5,68991,106
42101,PA,"Philadelphia County/city, PA",696073,645690,50383,7,704284,657187,47097,7,711750,666564,45186,6,718024,676682,41342,6,732044,690507,41537,6,736067,644480,91587,12,721225,655154,66071,9,55102,85
42103,PA,"Pike County, PA",24998,23335,1663,7,24968,23395,1573,6,25002,23496,1506,6,25374,23975,1399,6,25640,24181,1459,6,25415,22737,2678,11,25175,23327,1848,7,66614,103
42105,PA,"Potter County, PA",7380,6852,528,7,7390,6816,574,8,7337,6852,485,7,7257,6855,402,6,7311,6871,440,6,7289,6607,682,9,7122,6635,487,7,51744,80
42107,PA,"Schuylkill County, PA",68229,63858,4371,6,67661,63524,4137,6,66896,62924,3972,6,66841,63252,3589,5,67270,63536,3734,6,66976,60768,6208,9,65357,60936,4421,7,52307,81
42109,PA,"Snyder County, PA",20070,19111,959,5,20547,19598,949,5,20907,19970,937,5,20526,19679,847,4,20319,19188,1131,6,19648,18143,1505,8,19565,18557,1008,5,58474,90
42111,PA,"Somerset County, PA",34490,32090,2400,7,34234,31799,2435,7,33956,31868,2088,6,33914,32116,1798,5,33848,32001,1847,6,33152,30019,3133,10,32597,30399,2198,7,51916,80
42113,PA,"Sullivan County, PA",3036,2845,191,6,2844,2642,202,7,2716,2551,165,6,2719,2579,140,5,2683,2539,144,5,2614,2391,223,9,2569,2380,189,7,52821,81
42115,PA,"Susquehanna County, PA",21410,20192,1218,6,20904,19729,1175,6,20786,19787,999,5,20681,19823,858,4,20751,19835,916,4,20029,18558,1471,7,19956,18865,1091,6,55560,86
42117,PA,"Tioga County, PA",20344,18994,1350,7,19892,18489,1403,7,19296,18126,1170,6,19050,18028,1022,5,19228,18185,1043,5,19110,17382,1728,9,18887,17633,1254,7,47683,74
42119,PA,"Union County, PA",19312,18432,880,5,19811,18874,937,5,19854,18974,880,4,19817,19044,773,4,20133,19306,827,4,19552,18234,1318,7,19470,18560,910,5,62306,96
42121,PA,"Venango County, PA",24472,22991,1481,6,23742,22040,1702,7,23175,21738,1437,6,22683,21528,1155,5,22657,21537,1120,5,22410,20410,2000,9,21865,20370,1495,7,52559,81
42123,PA,"Warren County, PA",19962,18948,1014,5,19804,18732,1072,5,19481,18437,1044,5,19262,18373,889,5,19150,18262,888,5,18862,17332,1530,8,18026,16814,1212,7,52729,81
42125,PA,"Washington County, PA",106670,100616,6054,6,107411,100914,6497,6,107341,101631,5710,5,107488,102663,4825,5,108359,103372,4987,5,106805,96787,10018,9,104785,97826,6959,7,65808,101
42127,PA,"Wayne County, PA",22282,20960,1322,6,22564,21282,1282,6,22623,21448,1175,5,22639,21527,1112,5,22733,21628,1105,5,22391,20338,2053,9,22379,20898,1481,7,55627,86
42129,PA,"Westmoreland County, PA",182989,172937,10052,6,183064,172471,10593,6,182464,172856,9608,5,181986,173627,8359,5,182809,174387,8422,5,178773,162500,16273,9,175353,164272,11081,6,59349,91
42131,PA,"Wyoming County, PA",14122,13246,876,6,14127,13261,866,6,13977,13227,750,5,13756,13109,647,5,13697,13012,685,5,13340,12215,1125,8,13216,12380,836,6,59305,91
42133,PA,"York County, PA",232597,221333,11264,5,235081,224336,10745,5,236803,226281,10522,4,237045,227519,9526,4,238484,229069,9415,4,236371,217448,18923,8,234914,222181,12733,5,71655,110
44001,RI,"Bristol County, RI",26199,24805,1394,5,26132,24919,1213,5,26654,25619,1035,4,26714,25792,922,4,26644,25844,800,3,26049,24111,1938,7,26496,25239,1257,5,94591,128
44003,RI,"Kent County, RI",91150,86087,5063,6,90719,86415,4304,5,92476,88649,3827,4,93212,89785,3427,4,93518,90524,2994,3,92814,84857,7957,9,93708,88828,4880,5,82413,112
44005,RI,"Newport County, RI",44144,41740,2404,5,44231,42145,2086,5,45621,43823,1798,4,45483,43867,1616,4,45270,43864,1406,3,44473,40912,3561,8,45042,42827,2215,5,81218,110
44007,RI,"Providence County, RI",324384,303657,20727,6,323196,305286,17910,6,332757,316683,16074,5,334606,319949,14657,4,336130,323216,12914,4,334632,301230,33402,10,335620,315326,20294,6,67752,92
44009,RI,"Washington County, RI",69395,65478,3917,6,68954,65674,3280,5,70638,67778,2860,4,71137,68601,2536,4,70819,68609,2210,3,69088,63803,5285,8,70167,66749,3418,5,83925,114
45001,SC,"Abbeville County, SC",10342,9637,705,7,10252,9702,550,5,9758,9316,442,5,9715,9334,381,4,9824,9502,322,3,9736,9107,629,7,9621,9184,437,5,47219,83
45003,SC,"Aiken County, SC",73880,69572,4308,6,73907,70293,3614,5,72489,69563,2926,4,72399,70013,2386,3,73432,71349,2083,3,73641,70057,3584,5,74070,71580,2490,3,57128,100
45005,SC,"Allendale County, SC",2746,2438,308,11,2651,2429,222,8,2646,2466,180,7,2702,2550,152,6,2594,2458,136,5,2547,2310,237,9,2445,2255,190,8,32701,57
45007,SC,"Anderson County, SC",88419,83693,4726,5,88643,84665,3978,5,87576,84199,3377,4,88094,85287,2807,3,88935,86575,2360,3,88440,83340,5100,6,90029,86686,3343,4,52667,92
45009,SC,"Bamberg County, SC",5455,4888,567,10,5295,4827,468,9,5031,4661,370,7,4898,4584,314,6,4831,4569,262,5,4742,4327,415,9,4691,4341,350,8,39969,70
45011,SC,"Barnwell County, SC",8369,7624,745,9,8043,7462,581,7,7843,7378,465,6,8127,7745,382,5,7978,7645,333,4,7750,7193,557,7,7572,7079,493,7,41717,73
45013,SC,"Beaufort County, SC",71613,67743,3870,5,72294,68914,3380,5,72775,69863,2912,4,74241,71877,2364,3,75746,73756,1990,3,74689,70743,3946,5,76131,73502,2629,4,76515,134
45015,SC,"Berkeley County, SC",93431,88352,5079,5,96705,92384,4321,5,97791,94119,3672,4,99297,96329,2968,3,103381,100812,2569,3,104073,98469,5604,5,107149,103265,3884,4,70371,123
45017,SC,"Calhoun County, SC",6887,6401,486,7,6878,6462,416,6,6597,6259,338,5,6372,6102,270,4,6406,6181,225,4,6339,5960,379,6,6411,6122,289,5,50977,89
45019,SC,"Charleston County, SC",198083,188588,9495,5,201188,193146,8042,4,199512,192647,6865,3,201964,196411,5553,3,206718,202035,4683,2,206334,193644,12690,6,210944,203337,7607,4,72451,127
45021,SC,"Cherokee County, SC",23446,21792,1654,7,23456,22085,1371,6,23326,22187,1139,5,24502,23625,877,4,24641,23905,736,3,24736,22807,1929,8,24817,23561,1256,5,45085,79
45023,SC,"Chester County, SC",13443,12328,1115,8,13344,12404,940,7,13030,12245,785,6,12801,12183,618,5,12927,12397,530,4,13154,11997,1157,9,13279,12490,789,6,45366,79
45025,SC,"Chesterfield County, SC",21431,20145,1286,6,21568,20516,1052,5,21044,20149,895,4,21394,20710,684,3,21539,20926,613,3,21298,20043,1255,6,21543,20570,973,5,44792,78
45027,SC,"Clarendon County, SC",13056,12061,995,8,12677,11849,828,7,12121,11409,712,6,12281,11714,567,5,12388,11918,470,4,12438,11621,817,7,12307,11701,606,5,52983,93
45029,SC,"Colleton County, SC",16707,15554,1153,7,16703,15788,915,6,16256,15490,766,5,16338,15695,643,4,16413,15903,510,3,16233,15272,961,6,16178,15470,708,4,44399,78
45031,SC,"Darlington County, SC",30042,27849,2193,7,29810,27993,1817,6,29274,27757,1517,5,29427,28255,1172,4,29694,28703,991,3,29821,27944,1877,6,29869,28521,1348,5,42082,74
45033,SC,"Dillon County, SC",12662,11582,1080,9,12643,11805,838,7,12193,11506,687,6,12279,11697,582,5,12656,12149,507,4,12929,12156,773,6,13128,12367,761,6,40930,72
45035,SC,"Dorchester County, SC",72661,68727,3934,5,72954,69685,3269,5,72640,69888,2752,4,74611,72392,2219,3,76350,74486,1864,2,75805,71521,4284,6,77830,75008,2822,4,62928,110
45037,SC,"Edgefield County, SC",10660,9991,669,6,10514,9931,583,6,10363,9897,466,5,10381,10024,357,3,10503,10214,289,3,10352,9833,519,5,10394,10043,351,3,55005,96
45039,SC,"Fairfield County, SC",10014,9215,799,8,9962,9258,704,7,9713,9009,704,7,9390,8811,579,6,9289,8882,407,4,9182,8462,720,8,9231,8691,540,6,45648,80
45041,SC,"Florence County, SC",65470,61234,4236,7,65180,61817,3363,5,64043,61190,2853,5,64813,62498,2315,4,65547,63668,1879,3,65409,61858,3551,5,65981,63305,2676,4,47429,83
45043,SC,"Georgetown County, SC",25212,23112,2100,8,24882,23225,1657,7,24362,23022,1340,6,24790,23671,1119,5,25179,24250,929,4,25508,23643,1865,7,25930,24692,1238,5,57991,101
45045,SC,"Greenville County, SC",242842,230968,11874,5,244829,234676,10153,4,243310,234572,8738,4,246072,238985,7087,3,250437,244443,5994,2,251085,237271,13814,6,255544,246829,8715,3,62475,109
45047,SC,"Greenwood County, SC",31243,29288,1955,6,31252,29671,1581,5,30094,28757,1337,4,30289,29199,1090,4,30719,29793,926,3,30692,28785,1907,6,30333,28958,1375,5,43711,76
45049,SC,"Hampton County, SC",8340,7647,693,8,8203,7734,469,6,7944,7597,347,4,8142,7868,274,3,8186,7971,215,3,7975,7594,381,5,8019,7734,285,4,43614,76
45051,SC,"Horry County, SC",137237,127562,9675,7,139740,131738,8002,6,140661,133715,6946,5,141890,135888,6002,4,144561,139392,5169,4,144273,132169,12104,8,148763,141225,7538,5,55055,96
45053,SC,"Jasper County, SC",11813,11215,598,5,11964,11454,510,4,11773,11345,428,4,12096,11738,358,3,12589,12275,314,3,12780,12147,633,5,13121,12675,446,3,48988,86
45055,SC,"Kershaw County, SC",28924,27215,1709,6,29157,27668,1489,5,28640,27375,1265,4,28237,27249,988,4,28761,27934,827,3,28830,27342,1488,5,29168,28084,1084,4,60397,106
45057,SC,"Lancaster County, SC",36684,34401,2283,6,38222,36233,1989,5,38564,36799,1765,5,39249,37781,1468,4,40847,39502,1345,3,42172,39386,2786,7,42926,41056,1870,4,63019,110
45059,SC,"Laurens County, SC",30269,28302,1967,7,29943,28417,1526,5,29228,27967,1261,4,29173,28144,1029,4,29350,28494,856,3,29285,27330,1955,7,29708,28428,1280,4,43766,77
45061,SC,"Lee County, SC",6453,5914,539,8,6417,5972,445,7,6262,5894,368,6,6417,6127,290,5,6427,6177,250,4,6652,6157,495,7,6595,6228,367,6,40400,71
45063,SC,"Lexington County, SC",145305,138353,6952,5,147657,141777,5880,4,145563,140415,5148,4,144732,140635,4097,3,147203,143835,3368,2,147607,141382,6225,4,149900,145337,4563,3,62839,110
45065,SC,"McCormick County, SC",3439,3196,243,7,3383,3198,185,6,3299,3152,147,5,3318,3204,114,3,3304,3205,99,3,3273,3061,212,7,3334,3174,160,5,50698,89
45067,SC,"Marion County, SC",12849,11580,1269,10,12632,11553,1079,9,12199,11311,888,7,12599,11912,687,6,12675,12138,537,4,12937,11953,984,8,12953,12094,859,7,38498,67
45069,SC,"Marlboro County, SC",9637,8678,959,10,9278,8514,764,8,8953,8376,577,6,8945,8500,445,5,8913,8497,416,5,9051,8194,857,10,8840,8154,686,8,38877,68
45071,SC,"Newberry County, SC",18886,17895,991,5,19135,18303,832,4,18020,17281,739,4,18483,17921,562,3,18675,18190,485,3,18800,17929,871,5,19262,18628,634,3,52202,91
45073,SC,"Oconee County, SC",34467,32490,1977,6,34119,32396,1723,5,33373,31937,1436,4,33892,32769,1123,3,34141,33208,933,3,34191,32421,1770,5,34123,32885,1238,4,58061,102
45075,SC,"Orangeburg County, SC",36902,32930,3972,11,35474,32396,3078,9,33891,31500,2391,7,33547,31638,1909,6,33873,32302,1571,5,33961,30969,2992,9,33801,31406,2395,7,41335,72
45077,SC,"Pickens County, SC",56030,52833,3197,6,56189,53455,2734,5,55068,52830,2238,4,55499,53669,1830,3,56310,54750,1560,3,55575,52706,2869,5,56837,54866,1971,4,54588,95
45079,SC,"Richland County, SC",198564,187463,11101,6,199813,190406,9407,5,194865,186698,8167,4,192047,185496,6551,3,193117,187840,5277,3,194203,183126,11077,6,196303,188213,8090,4,56993,100
45081,SC,"Saluda County, SC",8825,8367,458,5,8870,8476,394,4,8692,8356,336,4,8568,8304,264,3,8612,8387,225,3,8320,7973,347,4,8409,8145,264,3,46216,81
45083,SC,"Spartanburg County, SC",139790,131890,7900,6,141957,135410,6547,5,143524,137850,5674,4,146259,141770,4489,3,151568,147797,3771,3,155678,145822,9856,6,156109,149935,6174,4,53485,94
45085,SC,"Sumter County, SC",44355,41354,3001,7,44134,41595,2539,6,43072,40864,2208,5,42702,41001,1701,4,42486,41081,1405,3,42871,40077,2794,7,42665,40705,1960,5,45724,80
45087,SC,"Union County, SC",11547,10644,903,8,11431,10736,695,6,11280,10681,599,5,11147,10688,459,4,11282,10897,385,3,11431,10413,1018,9,11454,10712,742,7,46567,81
45089,SC,"Williamsburg County, SC",12805,11637,1168,9,12431,11490,941,8,11893,11148,745,6,11843,11203,640,5,11762,11239,523,4,11463,10541,922,8,11170,10487,683,6,38186,67
45091,SC,"York County, SC",126603,119739,6864,5,130280,124395,5885,5,131218,126065,5153,4,133473,129186,4287,3,138428,134687,3741,3,142608,134279,8329,6,145482,140086,5396,4,72579,127
46003,SD,"Aurora County, SD",1581,1547,34,2,1528,1494,34,2,1521,1481,40,3,1554,1512,42,3,1505,1470,35,2,1463,1419,44,3,1478,1443,35,2,54916,90
46005,SD,"Beadle County, SD",9531,9284,247,3,9459,9213,246,3,9375,9129,246,3,9519,9286,233,2,9529,9274,255,3,9306,8971,335,4,9240,8978,262,3,54033,88
46007,SD,"Bennett County, SD",1137,1081,56,5,1129,1084,45,4,1110,1065,45,4,1072,1028,44,4,1070,1020,50,5,1070,1019,51,5,1054,1009,45,4,45478,74
46009,SD,"Bon Homme County, SD",3029,2950,79,3,2960,2879,81,3,2910,2831,79,3,2859,2792,67,2,2845,2770,75,3,2837,2729,108,4,2820,2740,80,3,52890,87
46011,SD,"Brookings County, SD",18684,18146,538,3,18983,18457,526,3,18790,18246,544,3,18960,18458,502,3,18980,18451,529,3,18406,17649,757,4,18533,17940,593,3,64542,106
46013,SD,"Brown County, SD",21126,20573,553,3,21196,20623,573,3,20910,20333,577,3,20760,20220,540,3,20626,20086,540,3,20458,19617,841,4,20545,19927,618,3,64993,106
46015,SD,"Brule County, SD",2552,2485,67,3,2484,2420,64,3,2476,2407,69,3,2497,2435,62,3,2432,2366,66,3,2456,2354,102,4,2560,2495,65,3,56691,93
46017,SD,"Buffalo County, SD",719,669,50,7,730,669,61,8,706,657,49,7,704,665,39,6,667,630,37,6,687,635,52,8,702,664,38,5,22901,38
46019,SD,"Butte County, SD",5124,4953,171,3,5073,4896,177,4,5016,4852,164,3,5024,4871,153,3,5034,4888,146,3,4961,4711,250,5,5013,4843,170,3,52346,86
46021,SD,"Campbell County, SD",855,830,25,3,854,829,25,3,831,805,26,3,781,752,29,4,765,741,24,3,780,754,26,3,774,748,26,3,52931,87
46023,SD,"Charles Mix County, SD",4009,3874,135,3,3908,3782,126,3,3879,3748,131,3,3822,3711,111,3,3734,3615,119,3,3754,3531,223,6,3804,3663,141,4,44865,73
46025,SD,"Clark County, SD",1978,1907,71,4,1930,1854,76,4,1882,1801,81,4,1899,1829,70,4,1895,1830,65,3,2142,2062,80,4,1925,1853,72,4,54164,89
46027,SD,"Clay County, SD",7055,6842,213,3,7023,6810,213,3,7113,6898,215,3,7223,7032,191,3,7386,7177,209,3,7113,6810,303,4,7331,7114,217,3,49834,82
46029,SD,"Codington County, SD",15418,14951,467,3,15283,14808,475,3,15193,14724,469,3,15290,14864,426,3,15441,15024,417,3,15370,14665,705,5,15673,15188,485,3,62123,102
46031,SD,"Corson County, SD",1499,1424,75,5,1461,1395,66,5,1419,1364,55,4,1382,1330,52,4,1341,1275,66,5,1316,1255,61,5,1314,1252,62,5,29860,49
46033,SD,"Custer County, SD",3987,3821,166,4,4014,3852,162,4,4027,3867,160,4,3984,3834,150,4,4051,3897,154,4,4026,3796,230,6,4119,3954,165,4,66654,109
46035,SD,"Davison County, SD",11399,11115,284,3,11294,11021,273,2,11012,10718,294,3,10994,10729,265,2,11008,10733,275,3,10874,10449,425,4,10891,10589,302,3,53664,88
46037,SD,"Day County, SD",2876,2736,140,5,2873,2751,122,4,2821,2715,106,4,2770,2660,110,4,2721,2614,107,4,2680,2537,143,5,2682,2567,115,4,50445,83
46039,SD,"Deuel County, SD",2324,2211,113,5,2251,2141,110,5,2192,2093,99,5,2154,2066,88,4,2163,2073,90,4,2313,2198,115,5,2293,2197,96,4,58488,96
46041,SD,"Dewey County, SD",2304,2043,261,11,2266,2059,207,9,2235,2026,209,9,2204,2025,179,8,2197,2041,156,7,2294,2133,161,7,2288,2153,135,6,40429,66
46043,SD,"Douglas County, SD",1685,1644,41,2,1680,1637,43,3,1594,1550,44,3,1560,1522,38,2,1564,1525,39,3,1542,1500,42,3,1529,1491,38,3,59404,97
46045,SD,"Edmunds County, SD",2235,2180,55,3,2174,2123,51,2,2111,2056,55,3,2055,2005,50,2,2024,1971,53,3,1978,1924,54,3,2013,1959,54,3,56671,93
46047,SD,"Fall River County, SD",2992,2861,131,4,3039,2905,134,4,2974,2863,111,4,2991,2887,104,4,2967,2859,108,4,2996,2828,168,6,3071,2947,124,4,48927,80
46049,SD,"Faulk County, SD",1126,1097,29,3,1119,1089,30,3,1098,1067,31,3,1091,1061,30,3,1047,1018,29,3,1030,996,34,3,1055,1026,29,3,50213,82
46051,SD,"Grant County, SD",4735,4598,137,3,4480,4335,145,3,4447,4302,145,3,4425,4294,131,3,4396,4269,127,3,4344,4181,163,4,4329,4181,148,3,59637,98
46053,SD,"Gregory County, SD",2070,2006,64,3,2086,2023,63,3,2049,1983,66,3,2034,1973,61,3,2020,1960,60,3,2030,1958,72,4,2069,2011,58,3,43060,70
46055,SD,"Haakon County, SD",1105,1080,25,2,1111,1084,27,2,1102,1073,29,3,1067,1041,26,2,1044,1017,27,3,1051,1026,25,2,1041,1012,29,3,50898,83
46057,SD,"Hamlin County, SD",3152,3049,103,3,3190,3082,108,3,3145,3039,106,3,3233,3139,94,3,3300,3207,93,3,3344,3236,108,3,3454,3371,83,2,62651,103
46059,SD,"Hand County, SD",1886,1843,43,2,1841,1801,40,2,1821,1780,41,2,1804,1766,38,2,1762,1721,41,2,1739,1696,43,3,1750,1707,43,3,59237,97
46061,SD,"Hanson County, SD",1809,1750,59,3,1778,1717,61,3,1769,1702,67,4,1742,1667,75,4,1766,1695,71,4,1749,1665,84,5,1757,1687,70,4,62597,102
46063,SD,"Harding County, SD",785,766,19,2,765,743,22,3,725,705,20,3,727,711,16,2,734,717,17,2,716,692,24,3,718,698,20,3,58732,96
46065,SD,"Hughes County, SD",9958,9723,235,2,10113,9872,241,2,10005,9750,255,3,9853,9621,232,2,9922,9696,226,2,9818,9511,307,3,9881,9640,241,2,70615,116
46067,SD,"Hutchinson County, SD",3697,3607,90,2,3668,3574,94,3,3605,3503,102,3,3561,3471,90,3,3572,3478,94,3,3588,3461,127,4,3604,3492,112,3,54669,89
46069,SD,"Hyde County, SD",712,692,20,3,702,683,19,3,683,663,20,3,675,657,18,3,683,663,20,3,666,646,20,3,649,632,17,3,55510,91
46071,SD,"Jackson County, SD",1334,1278,56,4,1311,1256,55,4,1320,1251,69,5,1275,1217,58,5,1263,1203,60,5,1201,1153,48,4,1215,1161,54,4,36853,60
46073,SD,"Jerauld County, SD",1133,1108,25,2,1077,1050,27,3,1138,1113,25,2,1112,1087,25,2,1114,1087,27,2,1190,1163,27,2,1331,1302,29,2,49086,80
46075,SD,"Jones County, SD",588,571,17,3,572,558,14,2,560,545,15,3,551,538,13,2,536,522,14,3,519,501,18,4,522,504,18,3,49156,80
46077,SD,"Kingsbury County, SD",2771,2691,80,3,2754,2681,73,3,2674,2596,78,3,2648,2578,70,3,2657,2587,70,3,2660,2568,92,4,2701,2623,78,3,56758,93
46079,SD,"Lake County, SD",6551,6317,234,4,6491,6268,223,3,6489,6259,230,4,6616,6408,208,3,6607,6406,201,3,6426,6196,230,4,6548,6349,199,3,65643,107
46081,SD,"Lawrence County, SD",12816,12404,412,3,13129,12692,437,3,13025,12631,394,3,13011,12660,351,3,13322,12958,364,3,13488,12703,785,6,13789,13370,419,3,56366,92
46083,SD,"Lincoln County, SD",30651,29974,677,2,31596,30908,688,2,32912,32160,752,2,33749,33026,723,2,35520,34744,776,2,36033,34811,1222,3,36741,35841,900,2,86972,142
46085,SD,"Lyman County, SD",1804,1721,83,5,1784,1700,84,5,1743,1662,81,5,1690,1625,65,4,1669,1601,68,4,1658,1568,90,5,1691,1617,74,4,43531,71
46087,SD,"McCook County, SD",3151,3077,74,2,3149,3070,79,3,3055,2976,79,3,3029,2959,70,2,3066,2990,76,3,2978,2874,104,4,3045,2961,84,3,64693,106
46089,SD,"McPherson County, SD",1120,1083,37,3,1094,1056,38,4,1047,1014,33,3,1018,982,36,4,991,955,36,4,990,942,48,5,962,922,40,4,44625,73
46091,SD,"Marshall County, SD",2518,2423,95,4,2473,2377,96,4,2393,2294,99,4,2413,2328,85,4,2345,2270,75,3,2406,2299,107,4,2420,2335,85,4,56885,93
46093,SD,"Meade County, SD",13421,13004,417,3,13746,13310,436,3,13937,13497,440,3,13949,13522,427,3,13898,13468,430,3,13789,13146,643,5,14140,13712,428,3,58406,96
46095,SD,"Mellette County, SD",803,762,41,5,774,741,33,4,763,728,35,5,744,711,33,4,737,701,36,5,708,666,42,6,729,696,33,5,37844,62
46097,SD,"Miner County, SD",1220,1191,29,2,1206,1174,32,3,1194,1161,33,3,1189,1159,30,3,1168,1137,31,3,1141,1090,51,5,1167,1131,36,3,49824,82
46099,SD,"Minnehaha County, SD",106985,104148,2837,3,108249,105446,2803,3,109127,106265,2862,3,110228,107551,2677,2,111816,109061,2755,3,112711,107919,4792,4,114373,111108,3265,3,64526,106
46101,SD,"Moody County, SD",3968,3836,132,3,3970,3823,147,4,3976,3840,136,3,3990,3880,110,3,4023,3899,124,3,4000,3806,194,5,4002,3890,112,3,73264,120
46102,SD,"Oglala Lakota County, SD",3604,3197,407,11,3634,3239,395,11,3602,3215,387,11,3540,3200,340,10,3511,3217,294,8,3765,3418,347,9,3998,3649,349,9,32195,53
46103,SD,"Pennington County, SD",54705,53010,1695,3,54987,53277,1710,3,55619,53883,1736,3,55871,54285,1586,3,56714,55059,1655,3,57063,54232,2831,5,58416,56546,1870,3,62214,102
46105,SD,"Perkins County, SD",1585,1536,49,3,1585,1539,46,3,1590,1548,42,3,1437,1399,38,3,1407,1370,37,3,1365,1318,47,3,1392,1349,43,3,46786,77
46107,SD,"Potter County, SD",1190,1152,38,3,1163,1131,32,3,1121,1086,35,3,1085,1050,35,3,1028,1000,28,3,1018,987,31,3,1050,1018,32,3,57324,94
46109,SD,"Roberts County, SD",4895,4686,209,4,4865,4663,202,4,4809,4595,214,4,4816,4625,191,4,4795,4619,176,4,4797,4511,286,6,4726,4509,217,5,50673,83
46111,SD,"Sanborn County, SD",1235,1204,31,3,1215,1179,36,3,1173,1134,39,3,1145,1114,31,3,1131,1102,29,3,1154,1110,44,4,1184,1148,36,3,51952,85
46115,SD,"Spink County, SD",3338,3237,101,3,3302,3199,103,3,3226,3124,102,3,3224,3120,104,3,3154,3062,92,3,3075,2959,116,4,3067,2969,98,3,53282,87
46117,SD,"Stanley County, SD",1845,1802,43,2,1879,1834,45,2,1863,1805,58,3,1827,1783,44,2,1888,1840,48,3,1903,1834,69,4,1919,1861,58,3,76413,125
46119,SD,"Sully County, SD",876,854,22,3,863,843,20,2,833,809,24,3,802,783,19,2,796,776,20,3,787,766,21,3,810,779,31,4,59157,97
46121,SD,"Todd County, SD",3066,2844,222,7,3077,2876,201,7,3126,2934,192,6,3118,2940,178,6,3128,2955,173,6,3043,2858,185,6,3111,2963,148,5,31256,51
46123,SD,"Tripp County, SD",3100,3019,81,3,3078,3009,69,2,3032,2953,79,3,3090,3019,71,2,3051,2976,75,3,2984,2897,87,3,3004,2933,71,2,46162,76
46125,SD,"Turner County, SD",4665,4543,122,3,4700,4568,132,3,4664,4525,139,3,4634,4517,117,3,4629,4507,122,3,4550,4380,170,4,4643,4519,124,3,62754,103
46127,SD,"Union County, SD",8080,7811,269,3,8090,7836,254,3,8027,7758,269,3,8366,8123,243,3,8575,8327,248,3,8597,8191,406,5,8619,8311,308,4,82574,135
46129,SD,"Walworth County, SD",2281,2160,121,5,2254,2137,117,5,2230,2126,104,5,2202,2102,100,5,2094,1996,98,5,2116,1995,121,6,2159,2041,118,6,45288,74
46135,SD,"Yankton County, SD",11673,11374,299,3,11643,11341,302,3,11590,11278,312,3,11783,11497,286,2,11858,11568,290,2,11676,11175,501,4,11629,11313,316,3,57075,93
46137,SD,"Ziebach County, SD",989,940,49,5,981,936,45,5,935,889,46,5,917,873,44,5,927,883,44,5,942,902,40,4,952,909,43,5,31599,52
47001,TN,"Anderson County, TN",33351,31423,1928,6,33693,32045,1648,5,33916,32580,1336,4,34280,32989,1291,4,34803,33563,1240,4,34328,32035,2293,7,34816,33483,1333,4,53002,93
47003,TN,"Bedford County, TN",19448,18203,1245,6,19835,18846,989,5,20553,19743,810,4,20798,20017,781,4,21147,20354,793,4,21043,19377,1666,8,21191,20320,871,4,58593,103
47005,TN,"Benton County, TN",6778,6261,517,8,6744,6262,482,7,6726,6363,363,5,6905,6568,337,5,6926,6617,309,5,6782,6248,534,8,6786,6462,324,5,44759,79
47007,TN,"Bledsoe County, TN",4257,3922,335,8,4325,4023,302,7,4301,4048,253,6,4236,3985,251,6,4337,4100,237,6,4290,3931,359,8,4311,4086,225,5,45780,80
47009,TN,"Blount County, TN",59654,56591,3063,5,60872,58202,2670,4,61692,59519,2173,4,62756,60734,2022,3,64268,62219,2049,3,63745,59710,4035,6,64582,62359,2223,3,67576,119
47011,TN,"Bradley County, TN",49544,46975,2569,5,50153,47911,2242,5,50918,49064,1854,4,50606,48796,1810,4,52588,50772,1816,4,52569,49146,3423,7,50805,48732,2073,4,49802,87
47013,TN,"Campbell County, TN",14657,13504,1153,8,14743,13720,1023,7,14634,13872,762,5,14684,13983,701,5,14917,14230,687,5,14587,13489,1098,8,14796,14092,704,5,42331,74
47015,TN,"Cannon County, TN",5869,5533,336,6,6024,5744,280,5,6206,5986,220,4,6435,6232,203,3,6673,6468,205,3,6525,6102,423,7,6657,6432,225,3,50628,89
47017,TN,"Carroll County, TN",12206,11203,1003,8,12031,11219,812,7,11947,11332,615,5,12057,11463,594,5,12055,11473,582,5,11426,10583,843,7,11437,10915,522,5,47390,83
47019,TN,"Carter County, TN",23575,22069,1506,6,23685,22342,1343,6,23902,22813,1089,5,23898,22907,991,4,24166,23185,981,4,23679,22074,1605,7,24094,23081,1013,4,44786,79
47021,TN,"Cheatham County, TN",19908,18953,955,5,20271,19462,809,4,20868,20229,639,3,21378,20789,589,3,21948,21368,580,3,21366,20160,1206,6,22015,21330,685,3,78330,138
47023,TN,"Chester County, TN",8242,7762,480,6,8450,8028,422,5,8343,8011,332,4,8516,8197,319,4,8623,8327,296,3,8473,8007,466,6,8507,8228,279,3,42839,75
47025,TN,"Claiborne County, TN",12601,11696,905,7,12706,11913,793,6,12721,12120,601,5,13001,12449,552,4,13143,12591,552,4,12786,11840,946,7,12760,12237,523,4,43365,76
47027,TN,"Clay County, TN",3004,2740,264,9,3044,2844,200,7,3036,2880,156,5,2875,2734,141,5,2793,2626,167,6,2704,2495,209,8,2757,2612,145,5,37683,66
47029,TN,"Cocke County, TN",14433,13321,1112,8,14460,13543,917,6,14618,13850,768,5,14927,14229,698,5,15071,14383,688,5,14864,13333,1531,10,14771,13952,819,6,41576,73
47031,TN,"Coffee County, TN",24345,23004,1341,6,24470,23310,1160,5,24974,24059,915,4,24830,23953,877,4,25743,24883,860,3,25676,23646,2030,8,25220,24192,1028,4,55177,97
47033,TN,"Crockett County, TN",6833,6398,435,6,6890,6528,362,5,6967,6678,289,4,6963,6694,269,4,6997,6753,244,4,6828,6438,390,6,6833,6589,244,4,50046,88
47035,TN,"Cumberland County, TN",22976,21363,1613,7,23576,22174,1402,6,23414,22323,1091,5,23370,22348,1022,4,23513,22445,1068,5,22789,21080,1709,8,22618,21539,1079,5,52529,92
47037,TN,"Davidson County, TN",364944,349100,15844,4,374155,360601,13554,4,385091,374319,10772,3,394751,384282,10469,3,403956,393666,10290,3,399262,366706,32556,8,404747,387756,16991,4,64418,113
47039,TN,"Decatur County, TN",4721,4352,369,8,4663,4341,322,7,4675,4431,244,5,4504,4278,226,5,4565,4319,246,5,4442,4062,380,9,4308,4061,247,6,47232,83
47041,TN,"DeKalb County, TN",7380,6877,503,7,7553,7131,422,6,7671,7302,369,5,7768,7420,348,5,7816,7474,342,4,7675,6981,694,9,7758,7409,349,5,51002,90
47043,TN,"Dickson County, TN",24143,22841,1302,5,24797,23714,1083,4,25555,24697,858,3,26378,25577,801,3,27215,26392,823,3,26347,24786,1561,6,27087,26174,913,3,60309,106
47045,TN,"Dyer County, TN",16696,15507,1189,7,16376,15357,1019,6,16106,15325,781,5,16218,15477,741,5,16465,15663,802,5,15910,14659,1251,8,16075,15333,742,5,50906,89
47047,TN,"Fayette County, TN",17907,16808,1099,6,18294,17369,925,5,18606,17861,745,4,19017,18310,707,4,19593,18882,711,4,19197,18015,1182,6,19283,18489,794,4,73132,128
47049,TN,"Fentress County, TN",7016,6508,508,7,7111,6671,440,6,7096,6774,322,5,7208,6909,299,4,7532,7215,317,4,7520,7052,468,6,7526,7223,303,4,43931,77
47051,TN,"Franklin County, TN",19633,18623,1010,5,19851,18884,967,5,19858,19106,752,4,19902,19229,673,3,20280,19597,683,3,19902,18311,1591,8,19463,18718,745,4,49491,87
47053,TN,"Gibson County, TN",21069,19528,1541,7,21250,20001,1249,6,21297,20321,976,5,21884,20931,953,4,22081,21143,938,4,21800,20334,1466,7,21522,20600,922,4,47850,84
47055,TN,"Giles County, TN",14582,13861,721,5,15282,14665,617,4,15556,15026,530,3,15313,14755,558,4,15083,14504,579,4,14640,13427,1213,8,14638,14005,633,4,51332,90
47057,TN,"Grainger County, TN",9163,8559,604,7,9292,8786,506,5,9329,8932,397,4,9388,9017,371,4,9580,9191,389,4,9491,8818,673,7,9603,9198,405,4,45056,79
47059,TN,"Greene County, TN",30671,28707,1964,6,30893,29202,1691,6,30377,28988,1389,5,29882,28500,1382,5,29923,28532,1391,5,28894,26558,2336,8,28818,27552,1266,4,43164,76
47061,TN,"Grundy County, TN",4881,4504,377,8,4793,4482,311,7,4833,4591,242,5,4903,4687,216,4,5024,4815,209,4,5127,4620,507,10,5030,4757,273,5,41133,72
47063,TN,"Hamblen County, TN",26517,24885,1632,6,26867,25489,1378,5,27322,26215,1107,4,27600,26546,1054,4,28259,27167,1092,4,27937,25970,1967,7,27883,26771,1112,4,48047,84
47065,TN,"Hamilton County, TN",167676,158840,8836,5,172011,164062,7949,5,176739,170280,6459,4,181223,175103,6120,3,185626,179605,6021,3,183042,170177,12865,7,184161,176741,7420,4,61478,108
47067,TN,"Hancock County, TN",2068,1869,199,10,2035,1873,162,8,2047,1928,119,6,2128,2025,103,5,2132,2007,125,6,2195,2016,179,8,2253,2144,109,5,33109,58
47069,TN,"Hardeman County, TN",9307,8613,694,8,9201,8633,568,6,9222,8742,480,5,9385,8926,459,5,9516,9041,475,5,9286,8556,730,8,8964,8423,541,6,44937,79
47071,TN,"Hardin County, TN",10282,9549,733,7,10211,9599,612,6,10406,9914,492,5,10352,9899,453,4,10399,9955,444,4,10260,9553,707,7,10193,9735,458,5,46776,82
47073,TN,"Hawkins County, TN",23580,22085,1495,6,23723,22439,1284,5,23691,22678,1013,4,23793,22846,947,4,23978,22989,989,4,23389,21605,1784,8,23137,22112,1025,4,52898,93
47075,TN,"Haywood County, TN",7644,7009,635,8,7681,7181,500,7,7803,7396,407,5,7743,7332,411,5,7738,7364,374,5,7775,7107,668,9,7624,7175,449,6,43742,77
47077,TN,"Henderson County, TN",12297,11324,973,8,11995,11172,823,7,11901,11288,613,5,12022,11458,564,5,12247,11708,539,4,11889,10939,950,8,11873,11356,517,4,47599,84
47079,TN,"Henry County, TN",13904,13002,902,7,13932,13109,823,6,13988,13352,636,5,14255,13658,597,4,14215,13622,593,4,14139,13146,993,7,14147,13585,562,4,41598,73
47081,TN,"Hickman County, TN",10340,9756,584,6,10442,9957,485,5,10849,10476,373,3,11178,10816,362,3,11461,11108,353,3,11100,10458,642,6,11445,11047,398,4,53738,94
47083,TN,"Houston County, TN",3203,2929,274,9,3200,2959,241,8,3204,3017,187,6,3244,3067,177,6,3286,3136,150,5,3246,2995,251,8,3208,3053,155,5,47465,83
47085,TN,"Humphreys County, TN",8485,7916,569,7,8647,8126,521,6,8799,8417,382,4,8848,8470,378,4,8984,8641,343,4,8692,8160,532,6,8650,8316,334,4,57767,101
47087,TN,"Jackson County, TN",4472,4124,348,8,4495,4180,315,7,4602,4355,247,5,4607,4391,216,5,4685,4469,216,5,4716,4345,371,8,4773,4566,207,4,43115,76
47089,TN,"Jefferson County, TN",23342,21860,1482,6,23629,22377,1252,5,23922,22954,968,4,24142,23229,913,4,24771,23852,919,4,24946,23080,1866,8,24817,23796,1021,4,57864,102
47091,TN,"Johnson County, TN",7324,6915,409,6,7546,7182,364,5,7602,7303,299,4,7585,7322,263,4,7754,7484,270,4,7682,7202,480,6,7761,7488,273,4,43039,76
47093,TN,"Knox County, TN",228904,218294,10610,5,233831,224458,9373,4,237653,230101,7552,3,241067,233982,7085,3,246230,239072,7158,3,243232,229028,14204,6,247312,239274,8038,3,57886,102
47095,TN,"Lake County, TN",1974,1807,167,9,1917,1767,150,8,1842,1739,103,6,1806,1714,92,5,1734,1639,95,6,1679,1544,135,8,1659,1560,99,6,32163,57
47097,TN,"Lauderdale County, TN",9613,8769,844,9,9442,8710,732,8,9409,8865,544,6,9688,9127,561,6,9753,9225,528,5,9690,8847,843,9,9621,9047,574,6,43386,76
47099,TN,"Lawrence County, TN",17756,16593,1163,7,17806,16776,1030,6,17802,17019,783,4,18494,17749,745,4,19255,18462,793,4,19255,17774,1481,8,19378,18549,829,4,47353,83
47101,TN,"Lewis County, TN",4814,4465,349,7,4890,4599,291,6,4949,4723,226,5,5075,4850,225,4,5222,5010,212,4,5343,4944,399,8,5555,5294,261,5,48288,85
47103,TN,"Lincoln County, TN",15174,14450,724,5,15974,15318,656,4,16303,15771,532,3,16721,16211,510,3,16856,16247,609,4,15974,14633,1341,8,16155,15500,655,4,56661,100
47105,TN,"Loudon County, TN",21981,20760,1221,6,22295,21250,1045,5,22663,21827,836,4,23174,22389,785,3,23893,23083,810,3,23711,22242,1469,6,23966,23152,814,3,70292,123
47107,TN,"McMinn County, TN",22694,21269,1425,6,22776,21535,1241,5,22688,21694,994,4,22762,21831,931,4,23645,22747,898,4,23319,21510,1809,8,22540,21517,1023,5,50297,88
47109,TN,"McNairy County, TN",8776,8036,740,8,8772,8154,618,7,8550,8067,483,6,8302,7847,455,6,8484,8034,450,5,8355,7660,695,8,8335,7890,445,5,44341,78
47111,TN,"Macon County, TN",9983,9458,525,5,10243,9795,448,4,10719,10351,368,3,11001,10649,352,3,11404,11049,355,3,11162,10440,722,7,11349,10934,415,4,47031,83
47113,TN,"Madison County, TN",46629,43904,2725,6,47829,45493,2336,5,48128,46233,1895,4,48762,46925,1837,4,49529,47770,1759,4,49371,45711,3660,7,49358,47131,2227,5,47580,84
47115,TN,"Marion County, TN",11737,10950,787,7,11929,11176,753,6,12053,11466,587,5,12345,11769,576,5,12636,12095,541,4,12271,11352,919,8,12328,11797,531,4,50941,89
47117,TN,"Marshall County, TN",14795,13974,821,6,15083,14385,698,5,15105,14577,528,4,15481,14945,536,4,15816,15254,562,4,15479,14074,1405,9,15495,14798,697,5,58073,102
47119,TN,"Maury County, TN",42448,40289,2159,5,44115,42327,1788,4,46062,44566,1496,3,48274,46719,1555,3,50401,48796,1605,3,51074,46981,4093,8,52080,49615,2465,5,65942,116
47121,TN,"Meigs County, TN",4866,4498,368,8,4901,4565,336,7,5003,4741,262,5,5074,4842,232,5,5210,4974,236,5,5193,4745,448,9,5162,4911,251,5,49242,86
47123,TN,"Monroe County, TN",19085,17895,1190,6,19417,18388,1029,5,19668,18877,791,4,20014,19275,739,4,20361,19619,742,4,20157,18549,1608,8,20635,19850,785,4,50945,89
47125,TN,"Montgomery County, TN",78752,74205,4547,6,80018,75931,4087,5,82061,78699,3362,4,84169,80928,3241,4,86807,83519,3288,4,86946,80428,6518,8,87746,83799,3947,5,60779,107
47127,TN,"Moore County, TN",3312,3164,148,5,3387,3259,128,4,3483,3374,109,3,3505,3398,107,3,3634,3528,106,3,3613,3421,192,5,3577,3483,94,3,64271,113
47129,TN,"Morgan County, TN",7732,7159,573,7,7809,7304,505,7,7810,7427,383,5,7817,7466,351,5,7809,7488,321,4,7583,7106,477,6,7731,7397,334,4,48321,85
47131,TN,"Obion County, TN",12499,11430,1069,9,12580,11691,889,7,12227,11555,672,6,12292,11685,607,5,12514,11903,611,5,12168,11351,817,7,12285,11710,575,5,45643,80
47133,TN,"Overton County, TN",9107,8463,644,7,9222,8727,495,5,9535,9140,395,4,9813,9444,369,4,9974,9595,379,4,9740,9129,611,6,9950,9594,356,4,43167,76
47135,TN,"Perry County, TN",3126,2917,209,7,3192,2989,203,6,3240,3084,156,5,3255,3116,139,4,3126,2969,157,5,2962,2679,283,10,2889,2682,207,7,46366,81
47137,TN,"Pickett County, TN",2405,2222,183,8,2328,2173,155,7,2450,2342,108,4,2442,2348,94,4,2353,2243,110,5,2237,2103,134,6,2200,2116,84,4,40120,70
47139,TN,"Polk County, TN",7341,6862,479,7,7394,6970,424,6,7397,7061,336,5,7313,7006,307,4,7469,7169,300,4,7384,6883,501,7,7119,6826,293,4,48184,85
47141,TN,"Putnam County, TN",32517,30633,1884,6,33282,31644,1638,5,34023,32725,1298,4,34489,33257,1232,4,35243,34004,1239,4,35093,32839,2254,6,35527,34214,1313,4,47120,83
47143,TN,"Rhea County, TN",13118,12155,963,7,13485,12523,962,7,13244,12384,860,7,13142,12404,738,6,13398,12635,763,6,13115,11861,1254,10,13588,12936,652,5,45724,80
47145,TN,"Roane County, TN",22628,21177,1451,6,22878,21599,1279,6,22953,21939,1014,4,23127,22174,953,4,23475,22521,954,4,22969,21521,1448,6,23377,22451,926,4,58988,104
47147,TN,"Robertson County, TN",33891,32250,1641,5,34780,33328,1452,4,36008,34776,1232,3,37169,36000,1169,3,38342,37230,1112,3,37208,34951,2257,6,38067,36806,1261,3,63918,112
47149,TN,"Rutherford County, TN",155929,148996,6933,4,163741,157663,6078,4,171748,166744,5004,3,179778,174943,4835,3,187745,182901,4844,3,186794,173859,12935,7,190190,183656,6534,3,73980,130
47151,TN,"Scott County, TN",8094,7346,748,9,8028,7432,596,7,8176,7759,417,5,8290,7923,367,4,8423,8054,369,4,8149,7467,682,8,8020,7613,407,5,39020,69
47153,TN,"Sequatchie County, TN",5806,5432,374,6,5926,5579,347,6,5967,5666,301,5,6105,5842,263,4,6260,5996,264,4,6166,5690,476,8,6189,5916,273,4,51197,90
47155,TN,"Sevier County, TN",49958,46972,2986,6,51239,48696,2543,5,52208,50105,2103,4,53293,51443,1850,4,55129,53320,1809,3,54099,48842,5257,10,54854,52705,2149,4,54284,95
47157,TN,"Shelby County, TN",430892,403447,27445,6,434502,411215,23287,5,437734,418685,19049,4,442606,424233,18373,4,449046,431035,18011,4,447173,404828,42345,10,447442,416969,30473,7,50870,89
47159,TN,"Smith County, TN",8504,8031,473,6,8687,8288,399,5,8925,8604,321,4,9226,8945,281,3,9532,9245,287,3,9240,8683,557,6,9471,9156,315,3,59355,104
47161,TN,"Stewart County, TN",5149,4757,392,8,5171,4819,352,7,5190,4911,279,5,5308,5046,262,5,5549,5301,248,5,5411,5070,341,6,5377,5156,221,4,55022,97
47163,TN,"Sullivan County, TN",69296,65319,3977,6,69815,66193,3622,5,70056,67226,2830,4,70489,67894,2595,4,70928,68302,2626,4,69267,64374,4893,7,68879,65973,2906,4,48968,86
47165,TN,"Sumner County, TN",88780,84723,4057,5,92394,88792,3602,4,95897,93026,2871,3,99967,97188,2779,3,104341,101534,2807,3,103421,96746,6675,7,105810,102294,3516,3,72325,127
47167,TN,"Tipton County, TN",27547,25611,1936,7,27529,25958,1571,6,27625,26401,1224,4,28041,26860,1181,4,28370,27268,1102,4,27619,25795,1824,7,27707,26518,1189,4,61432,108
47169,TN,"Trousdale County, TN",3691,3475,216,6,3849,3662,187,5,4755,4590,165,4,5302,5131,171,3,5544,5375,169,3,5426,5089,337,6,5571,5367,204,4,54970,97
47171,TN,"Unicoi County, TN",7045,6488,557,8,7017,6517,500,7,7058,6679,379,5,7051,6705,346,5,7194,6836,358,5,7020,6468,552,8,7062,6715,347,5,45635,80
47173,TN,"Union County, TN",7234,6746,488,7,7285,6862,423,6,7385,7061,324,4,7532,7226,306,4,7726,7413,313,4,7628,7110,518,7,7751,7441,310,4,45520,80
47175,TN,"Van Buren County, TN",2057,1894,163,8,2038,1912,126,6,2091,2002,89,4,2066,1968,98,5,2065,1971,94,5,2014,1843,171,9,2014,1914,100,5,45908,81
47177,TN,"Warren County, TN",17844,16846,998,6,17685,16832,853,5,17173,16494,679,4,16783,16116,667,4,16994,16299,695,4,17232,15712,1520,9,16806,16019,787,5,49532,87
47179,TN,"Washington County, TN",57965,54767,3198,6,58782,55964,2818,5,59570,57321,2249,4,60117,57993,2124,4,61093,58994,2099,3,60313,56528,3785,6,61172,59000,2172,4,52088,91
47181,TN,"Wayne County, TN",6198,5743,455,7,6093,5691,402,7,6129,5807,322,5,6158,5861,297,5,6320,6028,292,5,6356,5924,432,7,6286,6031,255,4,42754,75
47183,TN,"Weakley County, TN",15624,14570,1054,7,15875,14944,931,6,15781,15014,767,5,15992,15317,675,4,16137,15487,650,4,15467,14587,880,6,15461,14878,583,4,46979,83
47185,TN,"White County, TN",11438,10750,688,6,11770,11182,588,5,11915,11440,475,4,12282,11840,442,4,12322,11866,456,4,12068,11221,847,7,11843,11379,464,4,46475,82
47187,TN,"Williamson County, TN",107820,103534,4286,4,113631,109736,3895,3,119700,116468,3232,3,125351,122232,3119,3,131762,128542,3220,2,129427,123362,6065,5,133778,130456,3322,3,118257,208
47189,TN,"Wilson County, TN",64763,61820,2943,5,67876,65252,2624,4,71042,68930,2112,3,74821,72745,2076,3,78621,76501,2120,3,77895,72992,4903,6,79606,77054,2552,3,77822,137
48001,TX,"Anderson County, TX",22853,21948,905,4,23518,22499,1019,4,23085,22238,847,4,23169,22444,725,3,23188,22508,680,3,22869,21569,1300,6,23234,22109,1125,5,50879,77
48003,TX,"Andrews County, TX",9303,8977,326,4,8693,8282,411,5,8934,8656,278,3,9321,9095,226,2,9794,9570,224,2,9127,8378,749,8,8992,8465,527,6,76600,116
48005,TX,"Angelina County, TX",37412,35306,2106,6,37081,34888,2193,6,36379,34514,1865,5,35702,34134,1568,4,35337,33922,1415,4,35185,32500,2685,8,35754,33431,2323,7,49943,76
48007,TX,"Aransas County, TX",10065,9551,514,5,10241,9669,572,6,10258,9553,705,7,9478,8910,568,6,9173,8780,393,4,9103,8342,761,8,9256,8584,672,7,51461,78
48009,TX,"Archer County, TX",4125,3941,184,5,4091,3914,177,4,4110,3971,139,3,4101,3975,126,3,3960,3848,112,3,3942,3735,207,5,3975,3808,167,4,69566,105
48011,TX,"Armstrong County, TX",976,950,26,3,934,908,26,3,911,887,24,3,913,888,25,3,919,894,25,3,891,853,38,4,920,887,33,4,62256,94
48013,TX,"Atascosa County, TX",20546,19560,986,5,21031,19906,1125,5,20787,19895,892,4,21207,20401,806,4,21483,20710,773,4,21480,19645,1835,9,21901,20550,1351,6,60594,92
48015,TX,"Austin County, TX",14047,13397,650,5,14036,13287,749,5,13703,13094,609,4,13730,13223,507,4,13809,13333,476,3,13362,12474,888,7,13696,12940,756,6,60593,92
48017,TX,"Bailey County, TX",2801,2680,121,4,2719,2600,119,4,2641,2527,114,4,2594,2479,115,4,2470,2379,91,4,2369,2256,113,5,2411,2292,119,5,48259,73
48019,TX,"Bandera County, TX",9182,8814,368,4,9507,9116,391,4,9668,9316,352,4,9843,9505,338,3,9929,9602,327,3,9872,9298,574,6,10227,9745,482,5,64389,98
48021,TX,"Bastrop County, TX",37553,36083,1470,4,39046,37583,1463,4,39895,38452,1443,4,41270,39866,1404,3,42185,40894,1291,3,42433,39877,2556,6,45101,43084,2017,5,74612,113
48023,TX,"Baylor County, TX",1628,1570,58,4,1606,1548,58,4,1577,1523,54,3,1540,1491,49,3,1731,1692,39,2,1756,1696,60,3,1816,1755,61,3,44392,67
48025,TX,"Bee County, TX",10386,9740,646,6,10314,9537,777,8,9898,9252,646,7,9846,9342,504,5,9708,9280,428,4,9748,8781,967,10,9293,8484,809,9,46316,70
48027,TX,"Bell County, TX",136340,129940,6400,5,139561,133264,6297,5,141063,135005,6058,4,141237,135339,5898,4,142089,136616,5473,4,143703,133640,10063,7,147526,139057,8469,6,53639,81
48029,TX,"Bexar County, TX",879163,845395,33768,4,905846,871855,33991,4,917323,884586,32737,4,927183,895880,31303,3,932179,902782,29397,3,927557,856813,70744,8,945855,895189,50666,5,60477,92
48031,TX,"Blanco County, TX",5769,5587,182,3,5937,5753,184,3,6181,6009,172,3,6189,6026,163,3,6434,6277,157,2,6530,6279,251,4,6866,6638,228,3,66383,101
48033,TX,"Borden County, TX",412,400,12,3,366,353,13,4,320,309,11,3,340,329,11,3,400,390,10,3,438,423,15,3,581,567,14,2,69499,105
48035,TX,"Bosque County, TX",8064,7699,365,5,8191,7838,353,4,8135,7808,327,4,8137,7833,304,4,8214,7933,281,3,8185,7738,447,6,8429,8044,385,5,58056,88
48037,TX,"Bowie County, TX",39171,37274,1897,5,39643,37775,1868,5,38986,37186,1800,5,39101,37159,1942,5,39150,37408,1742,4,38412,35569,2843,7,39047,36770,2277,6,50326,76
48039,TX,"Brazoria County, TX",167126,159416,7710,5,169940,161111,8829,5,172006,162805,9201,5,174880,166883,7997,5,177569,170069,7500,4,177312,162103,15209,9,180207,167799,12408,7,83576,127
48041,TX,"Brazos County, TX",108638,105010,3628,3,111338,107481,3857,4,112185,108698,3487,3,115352,112032,3320,3,117312,114136,3176,3,116321,110128,6193,5,121046,116075,4971,4,53570,81
48043,TX,"Brewster County, TX",3911,3756,155,4,3963,3814,149,4,3938,3799,139,4,4006,3871,135,3,4141,4020,121,3,4069,3800,269,7,4181,3991,190,5,48537,74
48045,TX,"Briscoe County, TX",595,572,23,4,548,524,24,4,550,526,24,4,554,532,22,4,571,551,20,4,549,523,26,5,574,547,27,5,50062,76
48047,TX,"Brooks County, TX",2604,2344,260,10,2441,2152,289,12,2415,2214,201,8,2429,2272,157,7,2586,2454,132,5,2571,2297,274,11,2499,2268,231,9,33513,51
48049,TX,"Brown County, TX",15900,15208,692,4,16177,15473,704,4,15971,15347,624,4,15868,15272,596,4,15479,14904,575,4,15123,14143,980,7,15267,14475,792,5,48752,74
48051,TX,"Burleson County, TX",7761,7420,341,4,7880,7513,367,5,7933,7597,336,4,8145,7849,296,4,8181,7926,255,3,8074,7560,514,6,8396,7977,419,5,64836,98
48053,TX,"Burnet County, TX",21184,20406,778,4,22004,21241,763,4,22106,21398,708,3,22698,22038,660,3,23308,22671,637,3,23517,22399,1118,5,24594,23676,918,4,63813,97
48055,TX,"Caldwell County, TX",17431,16669,762,4,17952,17173,779,4,18371,17645,726,4,18908,18212,696,4,19145,18492,653,3,18814,17593,1221,7,19988,19008,980,5,66128,100
48057,TX,"Calhoun County, TX",11333,10877,456,4,10780,10178,602,6,10419,9813,606,6,11103,10644,459,4,11983,11598,385,3,11845,11155,690,6,12224,11625,599,5,58470,89
48059,TX,"Callahan County, TX",5733,5487,246,4,5808,5560,248,4,5867,5652,215,4,5926,5725,201,3,5987,5802,185,3,5942,5619,323,5,6134,5850,284,5,54862,83
48061,TX,"Cameron County, TX",163191,151483,11708,7,166111,154169,11942,7,165051,153499,11552,7,164356,154162,10194,6,164659,155573,9086,6,169311,152198,17113,10,175073,160786,14287,8,44440,67
48063,TX,"Camp County, TX",5096,4781,315,6,5064,4717,347,7,4991,4706,285,6,4952,4708,244,5,4910,4704,206,4,4952,4586,366,7,5116,4812,304,6,43130,65
48065,TX,"Carson County, TX",3069,2970,99,3,3098,2997,101,3,3007,2909,98,3,2966,2882,84,3,2945,2869,76,3,2854,2734,120,4,2958,2844,114,4,66597,101
48067,TX,"Cass County, TX",12175,11342,833,7,12276,11391,885,7,12104,11377,727,6,12180,11561,619,5,12229,11700,529,4,12132,11172,960,8,12386,11556,830,7,50595,77
48069,TX,"Castro County, TX",3618,3494,124,3,3497,3389,108,3,3368,3256,112,3,3430,3331,99,3,3378,3285,93,3,3249,3131,118,4,3380,3263,117,4,55139,84
48071,TX,"Chambers County, TX",17815,16858,957,5,18221,17110,1111,6,18785,17554,1231,7,19088,18052,1036,5,19674,18786,888,5,20207,18316,1891,9,20681,18967,1714,8,89991,136
48073,TX,"Cherokee County, TX",20908,19820,1088,5,21208,20128,1080,5,20626,19682,944,5,20698,19839,859,4,20760,19975,785,4,20980,19316,1664,8,20864,19527,1337,6,45894,70
48075,TX,"Childress County, TX",2870,2780,90,3,2961,2872,89,3,2888,2802,86,3,2923,2845,78,3,2923,2844,79,3,2995,2884,111,4,3011,2903,108,4,45473,69
48077,TX,"Clay County, TX",4914,4697,217,4,4797,4587,210,4,4867,4694,173,4,4877,4722,155,3,4853,4704,149,3,4772,4508,264,6,4831,4593,238,5,62763,95
48079,TX,"Cochran County, TX",1318,1250,68,5,1174,1115,59,5,1125,1073,52,5,1089,1041,48,4,1113,1075,38,3,1105,1026,79,7,1072,1004,68,6,44584,68
48081,TX,"Coke County, TX",1399,1342,57,4,1422,1363,59,4,1390,1338,52,4,1441,1391,50,4,1434,1387,47,3,1353,1279,74,6,1365,1300,65,5,51050,77
48083,TX,"Coleman County, TX",3051,2881,170,6,3067,2888,179,6,3045,2908,137,5,2911,2796,115,4,2826,2711,115,4,2844,2635,209,7,2937,2761,176,6,43623,66
48085,TX,"Collin County, TX",488810,470919,17891,4,513225,495061,18164,4,528152,509750,18402,4,546135,527817,18318,3,565064,547629,17435,3,575879,539871,36008,6,599164,573302,25862,4,101560,154
48087,TX,"Collingsworth County, TX",1271,1224,47,4,1216,1174,42,4,1157,1116,41,4,1171,1134,37,3,1133,1098,35,3,1061,1016,45,4,1090,1043,47,4,47885,73
48089,TX,"Colorado County, TX",9911,9517,394,4,9798,9336,462,5,9674,9285,389,4,9583,9264,319,3,9729,9427,302,3,9604,9070,534,6,9907,9436,471,5,52726,80
48091,TX,"Comal County, TX",61914,59623,2291,4,65520,63146,2374,4,68278,65963,2315,3,71677,69372,2305,3,75124,72890,2234,3,76810,72136,4674,6,79105,75529,3576,5,79290,120
48093,TX,"Comanche County, TX",5361,5132,229,4,5360,5129,231,4,5266,5070,196,4,5321,5129,192,4,5516,5337,179,3,5584,5277,307,6,6032,5756,276,5,47282,72
48095,TX,"Concho County, TX",1374,1329,45,3,1332,1287,45,3,1204,1153,51,4,1087,1047,40,4,1239,1200,39,3,1321,1262,59,5,1350,1293,57,4,47412,72
48097,TX,"Cooke County, TX",19774,19039,735,4,18923,18171,752,4,18712,18033,679,4,18990,18398,592,3,19596,19043,553,3,19111,17756,1355,7,19360,18384,976,5,66323,100
48099,TX,"Coryell County, TX",24516,23338,1178,5,24428,23285,1143,5,24218,23149,1069,4,23667,22667,1000,4,23707,22764,943,4,23634,22070,1564,7,24346,22968,1378,6,58398,88
48101,TX,"Cottle County, TX",546,507,39,7,525,498,27,5,516,494,22,4,526,503,23,4,543,520,23,4,564,536,28,5,604,576,28,5,44430,67
48103,TX,"Crane County, TX",1838,1731,107,6,1706,1560,146,9,1582,1498,84,5,1763,1695,68,4,1548,1486,62,4,1613,1393,220,14,1626,1470,156,10,67547,102
48105,TX,"Crockett County, TX",1901,1786,115,6,1737,1606,131,8,1667,1599,68,4,1618,1570,48,3,1612,1565,47,3,1538,1401,137,9,1467,1368,99,7,54458,83
48107,TX,"Crosby County, TX",2649,2533,116,4,2623,2508,115,4,2528,2421,107,4,2462,2347,115,5,2429,2333,96,4,2277,2156,121,5,2376,2243,133,6,42804,65
48109,TX,"Culberson County, TX",1041,997,44,4,1000,959,41,4,916,882,34,4,966,936,30,3,1028,986,42,4,1120,1046,74,7,1066,1015,51,5,47479,72
48111,TX,"Dallam County, TX",4008,3920,88,2,4001,3912,89,2,4029,3942,87,2,4001,3919,82,2,3892,3815,77,2,3708,3606,102,3,3803,3703,100,3,55253,84
48113,TX,"Dallas County, TX",1263314,1208806,54508,4,1299134,1246814,52320,4,1317061,1264990,52071,4,1323950,1273283,50667,4,1328465,1281824,46641,4,1322606,1219627,102979,8,1372277,1295698,76579,6,65770,100
48115,TX,"Dawson County, TX",4774,4556,218,5,4643,4409,234,5,4597,4372,225,5,4520,4324,196,4,4567,4389,178,4,4541,4145,396,9,4598,4276,322,7,47233,72
48117,TX,"Deaf Smith County, TX",8797,8518,279,3,8614,8344,270,3,8287,8032,255,3,8343,8108,235,3,8334,8106,228,3,8430,8126,304,4,8749,8429,320,4,51412,78
48119,TX,"Delta County, TX",2595,2476,119,5,2607,2508,99,4,2529,2443,86,3,2421,2337,84,4,2412,2330,82,3,2377,2246,131,6,2443,2324,119,5,50456,76
48121,TX,"Denton County, TX",428668,413303,15365,4,452147,436615,15532,3,467636,451897,15739,3,479070,463617,15453,3,497471,482704,14767,3,508668,475991,32677,6,528401,505287,23114,4,90880,138
48123,TX,"DeWitt County, TX",10057,9653,404,4,9502,8983,519,6,9511,9091,420,4,9630,9326,304,3,9625,9371,254,3,9128,8575,553,6,9414,8958,456,5,53899,82
48125,TX,"Dickens County, TX",703,670,33,5,692,658,34,5,675,642,33,5,667,638,29,4,666,638,28,4,656,615,41,6,693,658,35,5,42034,64
48127,TX,"Dimmit County, TX",7164,6830,334,5,6242,5796,446,7,6441,6113,328,5,7286,7066,220,3,7355,7168,187,3,6428,6019,409,6,5830,5497,333,6,42788,65
48129,TX,"Donley County, TX",1594,1527,67,4,1557,1494,63,4,1493,1438,55,4,1544,1490,54,4,1423,1375,48,3,1405,1343,62,4,1448,1389,59,4,57526,87
48131,TX,"Duval County, TX",5241,4815,426,8,4887,4352,535,11,4768,4399,369,8,5018,4753,265,5,4894,4676,218,5,4799,4215,584,12,5463,5011,452,8,40601,62
48133,TX,"Eastland County, TX",8043,7658,385,5,7424,7019,405,6,7883,7543,340,4,8589,8300,289,3,8246,7972,274,3,7280,6790,490,7,7341,6918,423,6,50317,76
48135,TX,"Ector County, TX",79803,76071,3732,5,76245,71389,4856,6,77980,74754,3226,4,84807,82497,2310,3,87269,84942,2327,3,82119,73046,9073,11,80507,73816,6691,8,62669,95
48137,TX,"Edwards County, TX",865,825,40,5,867,827,40,5,899,870,29,3,875,850,25,3,1036,1012,24,2,1228,1185,43,4,1265,1210,55,4,45330,69
48139,TX,"Ellis County, TX",80979,77765,3214,4,85025,81835,3190,4,87143,84093,3050,4,89815,86816,2999,3,92979,90096,2883,3,94566,88922,5644,6,98901,94460,4441,5,79849,121
48141,TX,"El Paso County, TX",341782,323955,17827,5,349935,332601,17334,5,351540,335163,16377,5,354932,339827,15105,4,358155,344465,13690,4,359563,329749,29814,8,363843,341151,22692,6,48522,74
48143,TX,"Erath County, TX",20168,19371,797,4,20240,19418,822,4,20532,19825,707,3,20552,19912,640,3,20604,19954,650,3,19821,18684,1137,6,20529,19610,919,5,61453,93
48145,TX,"Falls County, TX",6457,6181,276,4,6613,6321,292,4,6599,6317,282,4,6450,6197,253,4,6406,6196,210,3,6346,5959,387,6,6576,6226,350,5,44590,68
48147,TX,"Fannin County, TX",15382,14746,636,4,15774,15179,595,4,15832,15299,533,3,16299,15792,507,3,17145,16673,472,3,16589,15806,783,5,17165,16478,687,4,59746,91
48149,TX,"Fayette County, TX",12778,12351,427,3,12496,12039,457,4,12483,12081,402,3,12475,12123,352,3,12248,11926,322,3,11674,11124,550,5,11857,11350,507,4,63713,97
48151,TX,"Fisher County, TX",1801,1731,70,4,1760,1684,76,4,1691,1630,61,4,1634,1581,53,3,1611,1564,47,3,1584,1513,71,5,1606,1538,68,4,52828,80
48153,TX,"Floyd County, TX",2746,2593,153,6,2738,2600,138,5,2681,2534,147,6,2645,2507,138,5,2537,2426,111,4,2477,2323,154,6,2503,2359,144,6,44256,67
48155,TX,"Foard County, TX",552,529,23,4,540,520,20,4,590,569,21,4,579,562,17,3,573,556,17,3,571,548,23,4,589,569,20,3,40955,62
48157,TX,"Fort Bend County, TX",356003,340720,15283,4,367050,348684,18366,5,372854,355381,17473,5,382850,367535,15315,4,395228,381510,13718,4,400509,369972,30537,8,407603,383362,24241,6,97210,147
48159,TX,"Franklin County, TX",4559,4335,224,5,4512,4290,222,5,4510,4299,211,5,4522,4334,188,4,4611,4444,167,4,4785,4529,256,5,5223,4994,229,4,58927,89
48161,TX,"Freestone County, TX",7414,7009,405,6,6872,6412,460,7,6706,6276,430,6,6491,6107,384,6,6312,6009,303,5,6278,5754,524,8,6323,5865,458,7,54502,83
48163,TX,"Frio County, TX",9806,9427,379,4,8783,8355,428,5,9294,8925,369,4,10089,9799,290,3,10310,10039,271,3,9467,8930,537,6,9396,8944,452,5,47007,71
48165,TX,"Gaines County, TX",9408,9101,307,3,9187,8844,343,4,9179,8898,281,3,9335,9094,241,3,9759,9522,237,2,9644,9101,543,6,9748,9300,448,5,63528,96
48167,TX,"Galveston County, TX",158012,150077,7935,5,160171,151625,8546,5,160784,152262,8522,5,161696,154144,7552,5,163900,157262,6638,4,162980,148692,14288,9,165052,154065,10987,7,78465,119
48169,TX,"Garza County, TX",2132,2053,79,4,2131,2048,83,4,2105,2035,70,3,2115,2053,62,3,2111,2056,55,3,1995,1859,136,7,1988,1888,100,5,50934,77
48171,TX,"Gillespie County, TX",12647,12280,367,3,13001,12631,370,3,13036,12695,341,3,13249,12910,339,3,13396,13069,327,2,13152,12527,625,5,13939,13478,461,3,64365,98
48173,TX,"Glasscock County, TX",822,799,23,3,749,720,29,4,704,685,19,3,844,826,18,2,789,772,17,2,798,769,29,4,815,791,24,3,85001,129
48175,TX,"Goliad County, TX",3449,3295,154,5,3320,3127,193,6,3252,3091,161,5,3251,3126,125,4,3230,3121,109,3,3107,2865,242,8,3153,2946,207,7,54970,83
48177,TX,"Gonzales County, TX",9703,9344,359,4,9574,9168,406,4,9303,8976,327,4,9393,9106,287,3,9481,9225,256,3,9442,8931,511,5,9594,9184,410,4,55363,84
48179,TX,"Gray County, TX",9279,8754,525,6,8489,7903,586,7,8173,7741,432,5,8048,7733,315,4,7951,7667,284,4,7705,7079,626,8,7681,7169,512,7,54141,82
48181,TX,"Grayson County, TX",60020,57580,2440,4,61232,58868,2364,4,61482,59282,2200,4,62655,60581,2074,3,63512,61559,1953,3,63568,59830,3738,6,65711,62721,2990,5,59554,90
48183,TX,"Gregg County, TX",59308,56347,2961,5,58383,54826,3557,6,56982,54016,2966,5,56926,54558,2368,4,57381,55227,2154,4,55968,51319,4649,8,56193,52563,3630,7,51394,78
48185,TX,"Grimes County, TX",11517,10900,617,5,11058,10326,732,7,10805,10222,583,5,11006,10549,457,4,11121,10677,444,4,11007,10118,889,8,11133,10386,747,7,57795,88
48187,TX,"Guadalupe County, TX",72967,70371,2596,4,75992,73263,2729,4,77854,75236,2618,3,79524,77009,2515,3,80826,78431,2395,3,80164,75248,4916,6,82209,78557,3652,4,78909,120
48189,TX,"Hale County, TX",12894,12069,825,6,12596,11887,709,6,12422,11781,641,5,12372,11776,596,5,12041,11504,537,5,11636,10850,786,7,11915,11191,724,6,46589,71
48191,TX,"Hall County, TX",1204,1139,65,5,1166,1088,78,7,1121,1052,69,6,1099,1050,49,5,1056,1012,44,4,1057,996,61,6,1087,1028,59,5,36654,56
48193,TX,"Hamilton County, TX",3485,3321,164,5,3602,3425,177,5,3595,3452,143,4,3599,3480,119,3,3635,3527,108,3,3709,3540,169,5,3792,3638,154,4,52840,80
48195,TX,"Hansford County, TX",3113,3020,93,3,2946,2854,92,3,2840,2767,73,3,2826,2760,66,2,2735,2670,65,2,2459,2373,86,4,2551,2474,77,3,61059,92
48197,TX,"Hardeman County, TX",1621,1541,80,5,1625,1561,64,4,1646,1580,66,4,1661,1601,60,4,1700,1649,51,3,1692,1618,74,4,1722,1648,74,4,63479,96
48199,TX,"Hardin County, TX",25002,23581,1421,6,25170,23636,1534,6,25119,23566,1553,6,25149,23836,1313,5,25272,24120,1152,5,25055,22819,2236,9,24760,22791,1969,8,69151,105
48201,TX,"Harris County, TX",2235393,2130793,104600,5,2251316,2131125,120191,5,2249040,2134095,114945,5,2264623,2164048,100575,4,2274172,2186363,87809,4,2263260,2060208,203052,9,2283959,2136470,147489,7,61906,94
48203,TX,"Harrison County, TX",31217,29575,1642,5,29961,28159,1802,6,29247,27707,1540,5,29642,28343,1299,4,29083,27919,1164,4,28818,26551,2267,8,28650,26757,1893,7,55198,84
48205,TX,"Hartley County, TX",3004,2940,64,2,2961,2901,60,2,2919,2861,58,2,2835,2783,52,2,2766,2720,46,2,2594,2543,51,2,2733,2676,57,2,74686,113
48207,TX,"Haskell County, TX",2583,2492,91,4,2509,2403,106,4,2420,2303,117,5,2333,2242,91,4,2227,2154,73,3,2650,2537,113,4,2740,2632,108,4,44847,68
48209,TX,"Hays County, TX",98497,95094,3403,4,104921,101416,3505,3,109885,106395,3490,3,115055,111627,3428,3,119428,116098,3330,3,122675,114991,7684,6,129600,124271,5329,4,77511,117
48211,TX,"Hemphill County, TX",2302,2229,73,3,2115,2036,79,4,2298,2240,58,3,2227,2180,47,2,1981,1929,52,3,1780,1699,81,5,1635,1564,71,4,65718,100
48213,TX,"Henderson County, TX",34384,32700,1684,5,35398,33741,1657,5,35374,33885,1489,4,35797,34436,1361,4,36201,34931,1270,4,36798,34432,2366,6,38202,36240,1962,5,52660,80
48215,TX,"Hidalgo County, TX",331119,304695,26424,8,337251,310858,26393,8,340521,314913,25608,8,344391,321529,22862,7,347774,325960,21814,6,357301,315643,41658,12,366220,332109,34111,9,46653,71
48217,TX,"Hill County, TX",15623,14907,716,5,15812,15114,698,4,16049,15412,637,4,16131,15540,591,4,16202,15663,539,3,16151,15133,1018,6,16822,15980,842,5,56565,86
48219,TX,"Hockley County, TX",11723,11232,491,4,11176,10656,520,5,11177,10759,418,4,11323,10969,354,3,11135,10806,329,3,10583,9741,842,8,10657,10015,642,6,55469,84
48221,TX,"Hood County, TX",24547,23431,1116,5,25276,24086,1190,5,25731,24640,1091,4,26793,25797,996,4,27423,26487,936,3,27778,25945,1833,7,28814,27325,1489,5,85449,129
48223,TX,"Hopkins County, TX",17019,16298,721,4,17331,16639,692,4,17041,16423,618,4,17155,16571,584,3,17336,16805,531,3,17334,16449,885,5,17828,17055,773,4,53634,81
48225,TX,"Houston County, TX",9941,9495,446,5,10067,9602,465,5,10310,9859,451,4,10103,9723,380,4,10158,9840,318,3,10001,9477,524,5,10581,10068,513,5,45989,70
48227,TX,"Howard County, TX",13362,12742,620,5,13218,12486,732,6,13122,12558,564,4,13465,13018,447,3,13856,13427,429,3,13341,12257,1084,8,13256,12390,866,7,58445,89
48229,TX,"Hudspeth County, TX",1282,1209,73,6,1542,1450,92,6,1652,1556,96,6,1785,1703,82,5,1840,1760,80,4,1834,1685,149,8,1849,1742,107,6,40666,62
48231,TX,"Hunt County, TX",38927,37071,1856,5,40532,38793,1739,4,41075,39423,1652,4,42095,40480,1615,4,43208,41663,1545,4,42940,40114,2826,7,44928,42619,2309,5,53760,81
48233,TX,"Hutchinson County, TX",9801,9365,436,4,9639,9095,544,6,9329,8762,567,6,8910,8463,447,5,8562,8182,380,4,8436,7832,604,7,8498,7987,511,6,62536,95
48235,TX,"Irion County, TX",799,770,29,4,780,755,25,3,750,727,23,3,759,736,23,3,753,735,18,2,752,707,45,6,773,735,38,5,73776,112
48237,TX,"Jack County, TX",4079,3906,173,4,3857,3666,191,5,3924,3776,148,4,4335,4226,109,3,3428,3320,108,3,3370,3134,236,7,3398,3212,186,6,56028,85
48239,TX,"Jackson County, TX",7371,7092,279,4,7277,6936,341,5,7319,7024,295,4,7296,7056,240,3,7440,7217,223,3,7228,6810,418,6,7108,6752,356,5,56101,85
48241,TX,"Jasper County, TX",13887,12841,1046,8,13472,12437,1035,8,13352,12349,1003,8,13110,12249,861,7,12676,11900,776,6,12751,11320,1431,11,12832,11585,1247,10,51153,77
48243,TX,"Jeff Davis County, TX",1081,1045,36,3,1074,1042,32,3,1059,1025,34,3,1058,1027,31,3,1034,1004,30,3,953,904,49,5,1023,979,44,4,55718,84
48245,TX,"Jefferson County, TX",108031,100448,7583,7,107546,99999,7547,7,106833,98895,7938,7,106205,99407,6798,6,104653,98531,6122,6,104025,91569,12456,12,101725,91528,10197,10,48808,74
48247,TX,"Jim Hogg County, TX",2029,1882,147,7,1945,1759,186,10,1892,1753,139,7,1861,1754,107,6,1859,1770,89,5,1863,1685,178,10,1859,1695,164,9,41620,63
48249,TX,"Jim Wells County, TX",19230,17702,1528,8,17470,15625,1845,11,16536,15271,1265,8,16827,15907,920,6,16656,15872,784,5,15997,13919,2078,13,15607,14019,1588,10,48773,74
48251,TX,"Johnson County, TX",74321,71032,3289,4,76072,72753,3319,4,77504,74540,2964,4,79688,76929,2759,4,82364,79720,2644,3,82833,77464,5369,7,85557,81406,4151,5,67382,102
48253,TX,"Jones County, TX",5671,5357,314,6,5627,5300,327,6,5608,5307,301,5,5567,5298,269,5,5717,5474,243,4,5585,5190,395,7,5730,5377,353,6,47019,71
48255,TX,"Karnes County, TX",6429,6155,274,4,6279,5972,307,5,6398,6174,224,4,6795,6600,195,3,7072,6894,178,3,6944,6508,436,6,6843,6487,356,5,56006,85
48257,TX,"Kaufman County, TX",55084,52824,2260,4,57940,55742,2198,4,59881,57740,2141,4,62530,60348,2182,4,66558,64407,2151,3,68859,64465,4394,6,71942,68423,3519,5,76352,116
48259,TX,"Kendall County, TX",19167,18533,634,3,20353,19702,651,3,20935,20286,649,3,21646,21011,635,3,22390,21781,609,3,22016,20900,1116,5,22781,21908,873,4,103216,156
48261,TX,"Kenedy County, TX",282,273,9,3,217,207,10,5,240,232,8,3,244,235,9,4,228,220,8,4,179,169,10,6,183,172,11,6,45980,70
48263,TX,"Kent County, TX",497,484,13,3,470,456,14,3,450,438,12,3,447,436,11,3,467,456,11,2,459,441,18,4,447,434,13,3,53472,81
48265,TX,"Kerr County, TX",21188,20403,785,4,21366,20597,769,4,21176,20448,728,3,21589,20886,703,3,21980,21331,649,3,21535,20277,1258,6,22061,21071,990,5,57425,87
48267,TX,"Kimble County, TX",2000,1927,73,4,1953,1879,74,4,1877,1810,67,4,1856,1800,56,3,1833,1778,55,3,1818,1727,91,5,1905,1826,79,4,47894,73
48269,TX,"King County, TX",200,193,7,4,178,171,7,4,164,158,6,4,209,203,6,3,233,228,5,2,234,230,4,2,448,444,4,1,78210,118
48271,TX,"Kinney County, TX",1185,1109,76,6,1156,1089,67,6,1157,1092,65,6,1339,1280,59,4,1350,1301,49,4,1300,1223,77,6,1244,1175,69,6,62557,95
48273,TX,"Kleberg County, TX",14405,13548,857,6,14114,13165,949,7,13299,12506,793,6,13186,12528,658,5,13325,12751,574,4,13142,12030,1112,9,13202,12261,941,7,51574,78
48275,TX,"Knox County, TX",1683,1619,64,4,1560,1494,66,4,1473,1414,59,4,1438,1386,52,4,1426,1380,46,3,1438,1357,81,6,1457,1389,68,5,46053,70
48277,TX,"Lamar County, TX",22197,21125,1072,5,23238,22161,1077,5,23578,22581,997,4,23538,22641,897,4,23653,22853,800,3,23378,21875,1503,6,24493,23149,1344,6,44688,68
48279,TX,"Lamb County, TX",5513,5017,496,9,5249,4908,341,7,5153,4885,268,5,5160,4931,229,4,5204,5006,198,4,5166,4897,269,5,5211,4951,260,5,48123,73
48281,TX,"Lampasas County, TX",9059,8658,401,4,9164,8783,381,4,9145,8800,345,4,9062,8721,341,4,9005,8705,300,3,8963,8483,480,5,9291,8845,446,5,69051,105
48283,TX,"La Salle County, TX",4270,4091,179,4,3887,3687,200,5,4175,4021,154,4,4541,4430,111,2,4336,4231,105,2,3703,3454,249,7,3804,3641,163,4,45647,69
48285,TX,"Lavaca County, TX",8808,8472,336,4,8746,8376,370,4,8669,8354,315,4,8700,8427,273,3,8523,8270,253,3,8341,7905,436,5,8640,8253,387,5,57999,88
48287,TX,"Lee County, TX",9304,8971,333,4,9286,8936,350,4,9467,9153,314,3,9380,9091,289,3,10006,9741,265,3,9086,8637,449,5,9057,8669,388,4,61444,93
48289,TX,"Leon County, TX",6936,6563,373,5,6513,6091,422,7,6144,5752,392,6,6070,5764,306,5,6244,5972,272,4,6043,5571,472,8,6184,5746,438,7,52878,80
48291,TX,"Liberty County, TX",30968,28813,2155,7,31554,29176,2378,8,31751,29470,2281,7,32414,30516,1898,6,33077,31416,1661,5,34126,30560,3566,10,34870,31677,3193,9,61230,93
48293,TX,"Limestone County, TX",8584,8150,434,5,8329,7862,467,6,8255,7791,464,6,8327,7938,389,5,8503,8175,328,4,8250,7662,588,7,8528,8001,527,6,53143,81
48295,TX,"Lipscomb County, TX",1725,1657,68,4,1652,1579,73,4,1613,1561,52,3,1636,1591,45,3,1610,1567,43,3,1512,1449,63,4,1502,1446,56,4,67775,103
48297,TX,"Live Oak County, TX",5892,5654,238,4,5206,4897,309,6,5377,5124,253,5,5133,4936,197,4,5475,5306,169,3,5121,4736,385,8,4937,4601,336,7,54031,82
48299,TX,"Llano County, TX",8152,7803,349,4,8296,7950,346,4,8304,7985,319,4,8437,8122,315,4,8546,8250,296,4,8393,7911,482,6,8900,8469,431,5,60706,92
48301,TX,"Loving County, TX",77,73,4,5,86,82,4,5,100,95,5,5,265,261,4,2,498,494,4,1,295,290,5,2,438,434,4,1,97491,148
48303,TX,"Lubbock County, TX",149630,144499,5131,3,153626,148411,5215,3,154817,149850,4967,3,155010,150231,4779,3,156286,151849,4437,3,155803,146854,8949,6,160338,153092,7246,5,56477,86
48305,TX,"Lynn County, TX",2763,2651,112,4,2731,2622,109,4,2753,2649,104,4,2721,2632,89,3,2750,2668,82,3,2722,2573,149,6,2798,2678,120,4,51003,77
48307,TX,"McCulloch County, TX",3925,3735,190,5,3712,3545,167,5,3657,3527,130,4,3713,3590,123,3,3435,3257,178,5,3186,2946,240,8,3157,2953,204,7,47617,72
48309,TX,"McLennan County, TX",112616,107995,4621,4,116150,111548,4602,4,117188,112605,4583,4,117071,112839,4232,4,117785,113863,3922,3,118391,111020,7371,6,122192,116247,5945,5,55148,84
48311,TX,"McMullen County, TX",969,949,20,2,862,844,18,2,743,729,14,2,709,696,13,2,805,792,13,2,712,692,20,3,734,717,17,2,45927,70
48313,TX,"Madison County, TX",5119,4897,222,4,4770,4527,243,5,4651,4430,221,5,4522,4321,201,4,4480,4292,188,4,4438,4120,318,7,4691,4398,293,6,58674,89
48315,TX,"Marion County, TX",4417,4128,289,7,4343,4038,305,7,4304,4058,246,6,4212,4021,191,5,4185,4009,176,4,4204,3855,349,8,4255,3963,292,7,42024,64
48317,TX,"Martin County, TX",2584,2493,91,4,2483,2374,109,4,2507,2424,83,3,2744,2675,69,3,2780,2707,73,3,2539,2384,155,6,2605,2480,125,5,73367,111
48319,TX,"Mason County, TX",1805,1735,70,4,1791,1726,65,4,1800,1739,61,3,1757,1702,55,3,1740,1684,56,3,1714,1619,95,6,1789,1705,84,5,63120,96
48321,TX,"Matagorda County, TX",17187,16020,1167,7,16890,15653,1237,7,16783,15549,1234,7,16645,15619,1026,6,16510,15574,936,6,16369,14647,1722,11,16489,15114,1375,8,52241,79
48323,TX,"Maverick County, TX",23666,21126,2540,11,24249,21519,2730,11,23758,21520,2238,9,23422,21498,1924,8,23363,21589,1774,8,24103,20457,3646,15,23752,20739,3013,13,41324,63
48325,TX,"Medina County, TX",20431,19531,900,4,20999,20073,926,4,21123,20297,826,4,21350,20601,749,4,21528,20844,684,3,21192,19850,1342,6,21832,20744,1088,5,62600,95
48327,TX,"Menard County, TX",857,812,45,5,818,781,37,5,800,761,39,5,820,786,34,4,854,825,29,3,857,813,44,5,837,797,40,5,41477,63
48329,TX,"Midland County, TX",88407,85325,3082,4,85080,81326,3754,4,90073,87358,2715,3,101943,99757,2186,2,105449,103242,2207,2,97848,89972,7876,8,99301,93631,5670,6,92117,140
48331,TX,"Milam County, TX",10126,9591,535,5,10272,9742,530,5,10020,9511,509,5,9795,9252,543,6,9641,9160,481,5,9616,8926,690,7,10199,9606,593,6,49961,76
48333,TX,"Mills County, TX",1991,1917,74,4,1925,1845,80,4,1898,1830,68,4,1851,1786,65,4,1867,1806,61,3,1865,1789,76,4,1905,1822,83,4,49089,74
48335,TX,"Mitchell County, TX",2746,2590,156,6,2610,2427,183,7,2479,2343,136,6,2304,2207,97,4,2308,2222,86,4,2326,2142,184,8,2346,2179,167,7,46156,70
48337,TX,"Montague County, TX",9707,9292,415,4,9035,8587,448,5,9021,8657,364,4,9051,8760,291,3,9182,8918,264,3,9001,8404,597,7,9265,8789,476,5,56012,85
48339,TX,"Montgomery County, TX",258314,247267,11047,4,265996,252941,13055,5,268206,256420,11786,4,276970,266516,10454,4,285534,275842,9692,3,288088,266622,21466,8,293629,276611,17018,6,85348,129
48341,TX,"Moore County, TX",11115,10765,350,3,11197,10864,333,3,10987,10668,319,3,10763,10475,288,3,10690,10443,247,2,10490,10098,392,4,10983,10616,367,3,53341,81
48343,TX,"Morris County, TX",5318,4847,471,9,4895,4359,536,11,4645,4242,403,9,4665,4356,309,7,4753,4501,252,5,4821,4280,541,11,4624,4140,484,11,45122,68
48345,TX,"Motley County, TX",493,475,18,4,508,490,18,4,491,473,18,4,458,441,17,4,467,451,16,3,429,410,19,4,453,430,23,5,46712,71
48347,TX,"Nacogdoches County, TX",28142,26811,1331,5,28722,27375,1347,5,28346,27131,1215,4,28381,27267,1114,4,27831,26795,1036,4,27645,25828,1817,7,28255,26714,1541,6,49375,75
48349,TX,"Navarro County, TX",22898,21926,972,4,22775,21822,953,4,22648,21750,898,4,23424,22552,872,4,23763,22988,775,3,23142,21711,1431,6,23685,22479,1206,5,50778,77
48351,TX,"Newton County, TX",5371,4964,407,8,5355,4930,425,8,5239,4818,421,8,5139,4791,348,7,5084,4763,321,6,4945,4394,551,11,4897,4387,510,10,45769,69
48353,TX,"Nolan County, TX",6915,6633,282,4,6867,6537,330,5,6728,6455,273,4,6653,6433,220,3,6955,6751,204,3,7006,6631,375,5,7091,6754,337,5,41720,63
48355,TX,"Nueces County, TX",165890,157629,8261,5,167827,158355,9472,6,166752,157654,9098,6,166256,158449,7807,5,164995,158208,6787,4,163342,148793,14549,9,163825,152485,11340,7,55727,84
48357,TX,"Ochiltree County, TX",5274,5048,226,4,4664,4419,245,5,4490,4325,165,4,4413,4289,124,3,4250,4137,113,3,4000,3767,233,6,3952,3772,180,5,71477,108
48359,TX,"Oldham County, TX",914,887,27,3,908,881,27,3,895,872,23,3,897,873,24,3,900,874,26,3,888,853,35,4,917,885,32,4,61013,92
48361,TX,"Orange County, TX",37205,34755,2450,7,37368,34859,2509,7,36877,34306,2571,7,36177,34067,2110,6,36012,34151,1861,5,35475,31720,3755,11,34858,31719,3139,9,61323,93
48363,TX,"Palo Pinto County, TX",13173,12482,691,5,13256,12530,726,6,13301,12751,550,4,13372,12920,452,3,13414,12990,424,3,13081,12161,920,7,12902,12161,741,6,59450,90
48365,TX,"Panola County, TX",11574,10965,609,5,10235,9500,735,7,10331,9766,565,6,10597,10151,446,4,9999,9594,405,4,9338,8554,784,8,9691,9040,651,7,51936,79
48367,TX,"Parker County, TX",59589,57095,2494,4,61297,58798,2499,4,62762,60568,2194,4,65311,63271,2040,3,67923,65947,1976,3,69069,65054,4015,6,71585,68413,3172,4,88617,134
48369,TX,"Parmer County, TX",4969,4851,118,2,4950,4825,125,3,4883,4761,122,3,4839,4725,114,2,4811,4705,106,2,4814,4691,123,3,4976,4834,142,3,61989,94
48371,TX,"Pecos County, TX",6869,6512,357,5,6498,6116,382,6,6224,5931,293,5,6355,6122,233,4,6299,6092,207,3,6361,5836,525,8,6164,5724,440,7,52792,80
48373,TX,"Polk County, TX",17049,16009,1040,6,17388,16287,1101,6,17399,16330,1069,6,17668,16768,900,5,17818,16962,856,5,18230,16625,1605,9,18571,17079,1492,8,47535,72
48375,TX,"Potter County, TX",56271,54382,1889,3,56177,54294,1883,3,55019,53236,1783,3,54366,52762,1604,3,53714,52240,1474,3,52804,49882,2922,6,54259,51926,2333,4,45903,70
48377,TX,"Presidio County, TX",3118,2784,334,11,3081,2751,330,11,3020,2733,287,10,3012,2802,210,7,3075,2877,198,6,3175,2704,471,15,3101,2774,327,11,39967,61
48379,TX,"Rains County, TX",5414,5165,249,5,5556,5333,223,4,5659,5454,205,4,5852,5646,206,4,5983,5801,182,3,5954,5674,280,5,6318,6073,245,4,59195,90
48381,TX,"Randall County, TX",69109,67092,2017,3,70685,68595,2090,3,70379,68378,2001,3,70942,69078,1864,3,72247,70514,1733,2,72526,69298,3228,5,74603,71978,2625,4,71041,108
48383,TX,"Reagan County, TX",1929,1841,88,5,1702,1597,105,6,1780,1711,69,4,1856,1809,47,3,1871,1822,49,3,1790,1615,175,10,1653,1526,127,8,66711,101
48385,TX,"Real County, TX",1064,1009,55,5,1041,982,59,6,1046,986,60,6,1039,987,52,5,1048,1007,41,4,1075,1005,70,7,1144,1076,68,6,43076,65
48387,TX,"Red River County, TX",4912,4600,312,6,5036,4744,292,6,5161,4888,273,5,5040,4765,275,6,5018,4786,232,5,5069,4746,323,6,5320,5006,314,6,46727,71
48389,TX,"Reeves County, TX",5680,5406,274,5,6036,5715,321,5,6942,6692,250,4,9318,9123,195,2,11031,10836,195,2,8740,8112,628,7,8608,8103,505,6,64863,98
48391,TX,"Refugio County, TX",3308,3131,177,5,3137,2929,208,7,3218,3037,181,6,3107,2963,144,5,3110,2995,115,4,3022,2773,249,8,3037,2833,204,7,48433,73
48393,TX,"Roberts County, TX",456,438,18,4,442,422,20,5,438,421,17,4,424,412,12,3,412,400,12,3,399,381,18,5,399,382,17,4,69927,106
48395,TX,"Robertson County, TX",7251,6903,348,5,7258,6890,368,5,7392,7040,352,5,7464,7150,314,4,7379,7112,267,4,7257,6791,466,6,7557,7159,398,5,55218,84
48397,TX,"Rockwall County, TX",44915,43216,1699,4,47367,45704,1663,4,48607,46960,1647,3,50434,48793,1641,3,52858,51236,1622,3,54262,51050,3212,6,56678,54240,2438,4,106225,161
48399,TX,"Runnels County, TX",4673,4498,175,4,4649,4465,184,4,4546,4377,169,4,4533,4389,144,3,4543,4416,127,3,4495,4274,221,5,4618,4430,188,4,50972,77
48401,TX,"Rusk County, TX",22853,21758,1095,5,22382,21076,1306,6,21962,20838,1124,5,22550,21624,926,4,22625,21814,811,4,21800,20199,1601,7,22047,20721,1326,6,56954,86
48403,TX,"Sabine County, TX",3505,3176,329,9,3484,3157,327,9,3548,3241,307,9,3512,3232,280,8,3711,3467,244,7,3871,3452,419,11,3965,3587,378,10,51046,77
48405,TX,"San Augustine County, TX",2801,2545,256,9,2805,2554,251,9,2848,2633,215,8,2977,2784,193,7,3334,3175,159,5,2999,2711,288,10,2979,2734,245,8,45781,69
48407,TX,"San Jacinto County, TX",11295,10657,638,6,11431,10713,718,6,11379,10723,656,6,11409,10837,572,5,11605,11073,532,5,11529,10594,935,8,11871,10994,877,7,51575,78
48409,TX,"San Patricio County, TX",30250,28264,1986,7,30623,28335,2288,8,30345,27997,2348,8,29799,27897,1902,6,29413,27801,1612,6,29203,26222,2981,10,29428,26830,2598,9,56944,86
48411,TX,"San Saba County, TX",2246,2163,83,4,2448,2365,83,3,2399,2321,78,3,2513,2436,77,3,2504,2430,74,3,2174,2062,112,5,2203,2100,103,5,48349,73
48413,TX,"Schleicher County, TX",1502,1422,80,5,1421,1347,74,5,1324,1274,50,4,1357,1318,39,3,1294,1257,37,3,1201,1118,83,7,1192,1126,66,6,54471,83
48415,TX,"Scurry County, TX",8170,7829,341,4,7410,6973,437,6,6936,6633,303,4,6861,6627,234,3,6580,6367,213,3,6169,5661,508,8,6086,5678,408,7,57158,87
48417,TX,"Shackelford County, TX",2083,2023,60,3,1878,1806,72,4,1874,1818,56,3,1925,1880,45,2,1882,1841,41,2,1763,1670,93,5,1845,1771,74,4,64931,98
48419,TX,"Shelby County, TX",11383,10780,603,5,10959,10300,659,6,10700,10143,557,5,10917,10444,473,4,11016,10583,433,4,11138,10377,761,7,11484,10862,622,5,41194,62
48421,TX,"Sherman County, TX",1421,1382,39,3,1351,1311,40,3,1280,1240,40,3,1317,1282,35,3,1352,1320,32,2,1295,1255,40,3,1408,1366,42,3,66408,101
48423,TX,"Smith County, TX",103777,99100,4677,5,105484,100706,4778,5,105250,100901,4349,4,105793,101901,3892,4,107008,103438,3570,3,107502,100209,7293,7,110095,104439,5656,5,60735,92
48425,TX,"Somervell County, TX",4112,3904,208,5,4134,3935,199,5,4157,3966,191,5,4251,4074,177,4,4318,4163,155,4,4240,3963,277,7,4398,4170,228,5,67984,103
48427,TX,"Starr County, TX",25911,22395,3516,14,26365,22837,3528,13,25930,22854,3076,12,24951,22411,2540,10,24851,22394,2457,10,25912,21375,4537,18,25381,21263,4118,16,35716,54
48429,TX,"Stephens County, TX",4108,3935,173,4,4019,3807,212,5,3976,3794,182,5,3955,3811,144,4,4044,3922,122,3,3995,3752,243,6,4190,3984,206,5,48911,74
48431,TX,"Sterling County, TX",747,721,26,4,670,644,26,4,589,567,22,4,577,557,20,4,568,550,18,3,555,519,36,7,586,556,30,5,68435,104
48433,TX,"Stonewall County, TX",663,634,29,4,640,612,28,4,610,588,22,4,584,564,20,3,577,560,17,3,568,539,29,5,587,563,24,4,59802,91
48435,TX,"Sutton County, TX",1720,1615,105,6,1592,1465,127,8,1496,1419,77,5,1444,1388,56,4,1400,1348,52,4,1204,1085,119,10,1149,1054,95,8,64612,98
48437,TX,"Swisher County, TX",2733,2602,131,5,2716,2600,116,4,2671,2561,110,4,2627,2514,113,4,2584,2489,95,4,2499,2369,130,5,2593,2465,128,5,39897,60
48439,TX,"Tarrant County, TX",991895,950296,41599,4,1011543,971204,40339,4,1028588,989989,38599,4,1049714,1012587,37127,4,1066885,1031409,35476,3,1070120,991029,79091,7,1099856,1041556,58300,5,72064,109
48441,TX,"Taylor County, TX",63374,61031,2343,4,63322,60949,2373,4,63732,61462,2270,4,64707,62647,2060,3,65996,64105,1891,3,65565,61986,3579,6,67165,64246,2919,4,52974,80
48443,TX,"Terrell County, TX",435,414,21,5,407,390,17,4,390,372,18,5,374,361,13,4,373,360,13,4,377,360,17,5,411,396,15,4,42849,65
48445,TX,"Terry County, TX",5405,5150,255,5,5352,5096,256,5,5205,4942,263,5,5082,4873,209,4,4938,4758,180,4,4771,4422,349,7,4776,4484,292,6,47292,72
48447,TX,"Throckmorton County, TX",781,756,25,3,743,717,26,4,686,656,30,4,694,671,23,3,641,617,24,4,633,603,30,5,1008,980,28,3,46820,71
48449,TX,"Titus County, TX",12741,12002,739,6,12884,12088,796,6,12856,12157,699,5,12775,12127,648,5,12782,12253,529,4,13153,12268,885,7,13563,12837,726,5,52973,80
48451,TX,"Tom Green County, TX",54568,52313,2255,4,54272,51838,2434,5,53759,51770,1989,4,54115,52400,1715,3,53983,52351,1632,3,53310,49931,3379,6,54009,51382,2627,5,55990,85
48453,TX,"Travis County, TX",655919,634230,21689,3,678480,656873,21607,3,693425,672102,21323,3,712216,691743,20473,3,728706,709594,19112,3,730591,684165,46426,6,770868,739716,31152,4,82605,125
48455,TX,"Trinity County, TX",5485,5159,326,6,5485,5151,334,6,5338,5040,298,6,5264,4991,273,5,5234,4985,249,5,5264,4836,428,8,5355,4962,393,7,47685,72
48457,TX,"Tyler County, TX",7371,6851,520,7,7217,6689,528,7,7022,6502,520,7,6916,6455,461,7,7071,6666,405,6,7296,6575,721,10,7409,6779,630,9,48809,74
48459,TX,"Upshur County, TX",17983,17032,951,5,17903,16754,1149,6,17589,16659,930,5,17505,16765,740,4,17787,17128,659,4,17379,16041,1338,8,17555,16456,1099,6,58231,88
48461,TX,"Upton County, TX",1784,1714,70,4,1582,1498,84,5,1536,1478,58,4,1565,1511,54,4,1636,1587,49,3,1799,1696,103,6,1762,1670,92,5,59593,90
48463,TX,"Uvalde County, TX",11687,11093,594,5,11813,11184,629,5,11617,11069,548,5,11358,10869,489,4,11347,10918,429,4,11208,10488,720,6,11252,10631,621,6,49275,75
48465,TX,"Val Verde County, TX",19581,18398,1183,6,20147,18887,1260,6,19943,18921,1022,5,22207,21340,867,4,22612,21857,755,3,21356,19576,1780,8,22098,20785,1313,6,54346,82
48467,TX,"Van Zandt County, TX",24221,23124,1097,5,24862,23791,1071,4,25196,24242,954,4,25508,24606,902,4,25817,24975,842,3,25874,24284,1590,6,26780,25515,1265,5,57891,88
48469,TX,"Victoria County, TX",45350,43437,1913,4,43732,41357,2375,5,42632,40554,2078,5,42546,40900,1646,4,41917,40461,1456,4,40595,37217,3378,8,40785,38175,2610,6,53583,81
48471,TX,"Walker County, TX",22988,21817,1171,5,23797,22547,1250,5,23512,22414,1098,5,23649,22649,1000,4,23826,22888,938,4,23861,22148,1713,7,23951,22451,1500,6,43002,65
48473,TX,"Waller County, TX",21670,20622,1048,5,22180,20939,1241,6,22219,21122,1097,5,22922,21937,985,4,23880,22983,897,4,24252,22406,1846,8,24799,23216,1583,6,69460,105
48475,TX,"Ward County, TX",5915,5660,255,4,5397,5089,308,6,5544,5318,226,4,6707,6534,173,3,7270,7097,173,2,6111,5532,579,10,5884,5463,421,7,57257,87
48477,TX,"Washington County, TX",15365,14628,737,5,15089,14320,769,5,14762,14134,628,4,14729,14190,539,4,14998,14488,510,3,15102,14249,853,6,15187,14391,796,5,62667,95
48479,TX,"Webb County, TX",111837,106503,5334,5,113897,108314,5583,5,114261,109410,4851,4,115174,110797,4377,4,117063,112721,4342,4,115186,105441,9745,9,116373,109033,7340,6,56588,86
48481,TX,"Wharton County, TX",21238,20294,944,4,21080,20018,1062,5,20944,19996,948,5,21080,20291,789,4,21409,20683,726,3,21161,19724,1437,7,21120,19914,1206,6,55887,85
48483,TX,"Wheeler County, TX",2822,2712,110,4,2484,2366,118,5,2335,2242,93,4,2403,2327,76,3,2237,2170,67,3,2174,2042,132,6,2066,1937,129,6,49838,76
48485,TX,"Wichita County, TX",55348,52958,2390,4,55486,53072,2414,4,55659,53588,2071,4,55823,53906,1917,3,55414,53647,1767,3,55057,51404,3653,7,55325,52400,2925,5,54659,83
48487,TX,"Wilbarger County, TX",5112,4863,249,5,5050,4812,238,5,4925,4693,232,5,4929,4723,206,4,4893,4719,174,4,4869,4584,285,6,4891,4569,322,7,51774,78
48489,TX,"Willacy County, TX",6755,5868,887,13,6505,5707,798,12,6280,5582,698,11,6333,5703,630,10,6472,5938,534,8,6550,5766,784,12,6976,6245,731,11,40190,61
48491,TX,"Williamson County, TX",264097,254904,9193,4,278717,269349,9368,3,288605,279094,9511,3,301255,291963,9292,3,315068,306186,8882,3,321374,302663,18711,6,340568,326982,13586,4,91507,139
48493,TX,"Wilson County, TX",22981,22103,878,4,23760,22830,930,4,24002,23157,845,4,24308,23555,753,3,24621,23920,701,3,24248,22860,1388,6,24999,23899,1100,4,74529,113
48495,TX,"Winkler County, TX",3104,2926,178,6,3071,2834,237,8,3234,3067,167,5,3986,3872,114,3,4009,3894,115,3,3941,3569,372,9,3726,3439,287,8,77960,118
48497,TX,"Wise County, TX",28685,27345,1340,5,29438,28044,1394,5,29948,28738,1210,4,30950,29876,1074,4,31925,30896,1029,3,31929,29841,2088,7,32980,31380,1600,5,71636,109
48499,TX,"Wood County, TX",16770,15873,897,5,17248,16339,909,5,17213,16400,813,5,17190,16452,738,4,17491,16810,681,4,17724,16551,1173,7,17988,16977,1011,6,61886,94
48501,TX,"Yoakum County, TX",4047,3894,153,4,3762,3582,180,5,3794,3659,135,4,3677,3571,106,3,3702,3595,107,3,3484,3066,418,12,3284,3027,257,8,67132,102
48503,TX,"Young County, TX",8473,8109,364,4,8312,7947,365,4,8016,7711,305,4,8089,7824,265,3,7903,7668,235,3,7686,7280,406,5,8066,7701,365,5,54569,83
48505,TX,"Zapata County, TX",6194,5718,476,8,5210,4648,562,11,5351,4949,402,8,5309,5012,297,6,5057,4802,255,5,4640,4072,568,12,4526,3980,546,12,39876,60
48507,TX,"Zavala County, TX",3810,3381,429,11,3887,3347,540,14,3706,3289,417,11,3528,3186,342,10,3310,3030,280,9,3370,2889,481,14,3276,2861,415,13,34898,53
49001,UT,"Beaver County, UT",3100,2985,115,4,3065,2918,147,5,3053,2933,120,4,3032,2931,101,3,2895,2809,86,3,2838,2724,114,4,2826,2746,80,3,61858,80
49003,UT,"Box Elder County, UT",23854,22991,863,4,24595,23763,832,3,25437,24632,805,3,25667,24938,729,3,26232,25552,680,3,26641,25470,1171,4,26895,26237,658,2,73926,95
49005,UT,"Cache County, UT",59742,57948,1794,3,61026,59218,1808,3,62905,61219,1686,3,63817,62209,1608,3,65104,63718,1386,2,65906,63958,1948,3,68747,67395,1352,2,65391,84
49007,UT,"Carbon County, UT",8661,8178,483,6,8298,7819,479,6,8313,7906,407,5,8531,8170,361,4,8583,8271,312,4,8600,8146,454,5,8424,8097,327,4,51902,67
49009,UT,"Daggett County, UT",464,443,21,5,461,438,23,5,431,410,21,5,402,385,17,4,392,377,15,4,412,393,19,5,415,400,15,4,63461,82
49011,UT,"Davis County, UT",159156,153881,5275,3,163777,158759,5018,3,169361,164325,5036,3,171470,166757,4713,3,174427,170250,4177,2,176223,168939,7284,4,179229,174865,4364,2,92253,119
49013,UT,"Duchesne County, UT",8756,8109,647,7,8070,7373,697,9,8008,7564,444,6,7774,7442,332,4,7785,7485,300,4,7829,7218,611,8,7748,7372,376,5,61709,79
49015,UT,"Emery County, UT",4377,4117,260,6,4246,3988,258,6,4205,3997,208,5,4357,4160,197,5,4332,4161,171,4,4404,4193,211,5,4450,4278,172,4,64144,83
49017,UT,"Garfield County, UT",2737,2498,239,9,2779,2554,225,8,2909,2697,212,7,2792,2587,205,7,2787,2617,170,6,2654,2379,275,10,2778,2597,181,7,47638,61
49019,UT,"Grand County, UT",5580,5247,333,6,5701,5376,325,6,5957,5650,307,5,6108,5832,276,5,6246,6005,241,4,6242,5647,595,10,6574,6285,289,4,58852,76
49021,UT,"Iron County, UT",20224,19343,881,4,21385,20480,905,4,22337,21436,901,4,23051,22281,770,3,24318,23606,712,3,25272,24126,1146,5,26265,25519,746,3,52942,68
49023,UT,"Juab County, UT",4912,4721,191,4,5200,5016,184,4,5446,5268,178,3,5614,5455,159,3,5858,5713,145,3,5847,5671,176,3,6159,6036,123,2,70086,90
49025,UT,"Kane County, UT",3606,3450,156,4,3679,3543,136,4,3761,3636,125,3,3819,3703,116,3,3850,3740,110,3,3876,3669,207,5,4002,3887,115,3,58352,75
49027,UT,"Millard County, UT",6094,5884,210,3,6190,5990,200,3,6461,6257,204,3,6255,6062,193,3,6074,5913,161,3,6029,5833,196,3,6018,5875,143,2,60316,78
49029,UT,"Morgan County, UT",4904,4754,150,3,5125,4977,148,3,5413,5264,149,3,5488,5345,143,3,5561,5427,134,2,5664,5473,191,3,5779,5658,121,2,103746,133
49031,UT,"Piute County, UT",462,433,29,6,456,430,26,6,485,462,23,5,484,460,24,5,484,462,22,5,481,451,30,6,479,458,21,4,47206,61
49033,UT,"Rich County, UT",1040,1003,37,4,1091,1057,34,3,1146,1110,36,3,1182,1146,36,3,1175,1140,35,3,1164,1123,41,4,1273,1244,29,2,75531,97
49035,UT,"Salt Lake County, UT",582490,563174,19316,3,599503,581020,18483,3,617457,598906,18551,3,624844,607123,17721,3,637173,621401,15772,3,643461,610521,32940,5,653817,635656,18161,3,79294,102
49037,UT,"San Juan County, UT",5683,5243,440,8,5713,5265,448,8,5716,5327,389,7,5744,5406,338,6,5757,5470,287,5,5492,4928,564,10,5470,5125,345,6,50686,65
49039,UT,"Sanpete County, UT",11358,10898,460,4,11755,11300,455,4,12065,11605,460,4,12556,12115,441,4,12542,12148,394,3,12759,12275,484,4,13057,12691,366,3,55033,71
49041,UT,"Sevier County, UT",9460,9047,413,4,9551,9145,406,4,9828,9462,366,4,9947,9613,334,3,9810,9512,298,3,9901,9477,424,4,9992,9666,326,3,56318,72
49043,UT,"Summit County, UT",22953,22208,745,3,23791,23066,725,3,24439,23706,733,3,24565,23866,699,3,25083,24478,605,2,24610,22837,1773,7,24987,24266,721,3,115756,149
49045,UT,"Tooele County, UT",29380,28188,1192,4,30713,29582,1131,4,32455,31325,1130,4,33488,32417,1071,3,35032,34052,980,3,36054,34351,1703,5,36804,35747,1057,3,79101,102
49047,UT,"Uintah County, UT",15217,14201,1016,7,14057,12782,1275,9,13731,12927,804,6,13694,13089,605,4,13741,13167,574,4,13462,12212,1250,9,13562,12806,756,6,63282,81
49049,UT,"Utah County, UT",264713,256260,8453,3,277959,269619,8340,3,292059,283780,8279,3,301683,293624,8059,3,309866,302523,7343,2,316642,304605,12037,4,332018,324289,7729,2,81804,105
49051,UT,"Wasatch County, UT",13190,12736,454,3,13853,13398,455,3,14672,14201,471,3,15259,14805,454,3,16163,15726,437,3,16460,15398,1062,7,16903,16421,482,3,87098,112
49053,UT,"Washington County, UT",63328,60796,2532,4,67007,64578,2429,4,71043,68646,2397,3,74671,72265,2406,3,76786,74521,2265,3,80053,75746,4307,5,83600,81174,2426,3,71904,92
49055,UT,"Wayne County, UT",1405,1280,125,9,1419,1312,107,8,1465,1361,104,7,1439,1357,82,6,1436,1359,77,5,1449,1338,111,8,1506,1435,71,5,54790,70
49057,UT,"Weber County, UT",116610,111928,4682,4,119671,115214,4457,4,123793,119400,4393,4,125974,121848,4126,3,128564,124818,3746,3,130007,123701,6306,5,131718,127926,3792,3,72091,93
50001,VT,"Addison County, VT",20801,20088,713,3,20925,20323,602,3,21348,20746,602,3,21392,20854,538,3,21350,20861,489,2,20531,19588,943,5,19901,19352,549,3,73049,108
50003,VT,"Bennington County, VT",18671,17891,780,4,18503,17830,673,4,18780,18095,685,4,18897,18315,582,3,18822,18279,543,3,17735,16580,1155,7,16919,16189,730,4,65528,97
50005,VT,"Caledonia County, VT",15158,14460,698,5,14946,14345,601,4,15110,14551,559,4,15157,14667,490,3,14992,14555,437,3,14571,13698,873,6,14037,13516,521,4,52203,77
50007,VT,"Chittenden County, VT",95366,92799,2567,3,95560,93248,2312,2,99460,97209,2251,2,100209,98196,2013,2,100222,98451,1771,2,96193,91705,4488,5,92865,90238,2627,3,80539,119
50009,VT,"Essex County, VT",2770,2612,158,6,2708,2577,131,5,2770,2642,128,5,2781,2681,100,4,2775,2686,89,3,2714,2507,207,8,2613,2487,126,5,50956,75
50011,VT,"Franklin County, VT",27438,26471,967,4,27448,26623,825,3,28404,27539,865,3,28461,27756,705,3,28498,27843,655,2,27373,25978,1395,5,26722,25798,924,4,62763,93
50013,VT,"Grand Isle County, VT",3955,3799,156,4,3988,3844,144,4,4174,4029,145,4,4203,4070,133,3,4302,4182,120,3,4085,3847,238,6,3941,3786,155,4,79994,118
50015,VT,"Lamoille County, VT",13848,13212,636,5,13961,13389,572,4,14471,13893,578,4,14422,13920,502,4,14464,14022,442,3,13914,12838,1076,8,13380,12841,539,4,57909,86
50017,VT,"Orange County, VT",15978,15435,543,3,15951,15472,479,3,16378,15875,503,3,16449,16017,432,3,16542,16156,386,2,15890,15054,836,5,15227,14737,490,3,60624,90
50019,VT,"Orleans County, VT",13661,12908,753,6,13572,12883,689,5,13988,13272,716,5,13947,13332,615,4,13774,13200,574,4,13118,12105,1013,8,12770,12178,592,5,56721,84
50021,VT,"Rutland County, VT",31435,30111,1324,4,31554,30405,1149,4,31966,30847,1119,4,31747,30770,977,3,31621,30764,857,3,30306,28274,2032,7,28966,27751,1215,4,62289,92
50023,VT,"Washington County, VT",34236,33055,1181,3,34014,32965,1049,3,35215,34178,1037,3,35630,34721,909,3,35748,34948,800,2,34017,32354,1663,5,32392,31416,976,3,70061,104
50025,VT,"Windham County, VT",23577,22745,832,4,23294,22545,749,3,23460,22733,727,3,23193,22545,648,3,22799,22228,571,3,21680,20239,1441,7,20410,19506,904,4,59017,87
50027,VT,"Windsor County, VT",29621,28678,943,3,29429,28594,835,3,29856,29088,768,3,29966,29279,687,2,30044,29424,620,2,29011,27312,1699,6,28071,27145,926,3,60842,90
51001,VA,"Accomack County, VA",15938,15082,856,5,15820,15060,760,5,16789,16035,754,5,16913,16273,640,4,16795,16206,589,4,16025,14987,1038,7,15176,14516,660,4,44127,56
51003,VA,"Albemarle County, VA",54136,52053,2083,4,54534,52631,1903,4,55877,54055,1822,3,56771,55264,1507,3,58689,57256,1433,2,56485,53473,3012,5,55448,53650,1798,3,79708,101
51005,VA,"Alleghany County, VA",7075,6722,353,5,6941,6593,348,5,7070,6749,321,5,6999,6742,257,4,7058,6822,236,3,6810,6367,443,7,6512,6245,267,4,52281,66
51007,VA,"Amelia County, VA",6215,5941,274,4,6207,5947,260,4,6268,6021,247,4,6268,6066,202,3,6404,6205,199,3,6132,5777,355,6,5984,5771,213,4,70511,89
51009,VA,"Amherst County, VA",15340,14618,722,5,15010,14364,646,4,15146,14533,613,4,15093,14601,492,3,15253,14772,481,3,14763,13944,819,6,14340,13812,528,4,61111,77
51011,VA,"Appomattox County, VA",7066,6725,341,5,7006,6684,322,5,7151,6842,309,4,7189,6929,260,4,7310,7060,250,3,7121,6713,408,6,6915,6648,267,4,55152,70
51013,VA,"Arlington County, VA",144902,140880,4022,3,146628,142857,3771,3,151365,147637,3728,3,153786,150729,3057,2,156258,153294,2964,2,152550,145804,6746,4,150721,146210,4511,3,125004,158
51015,VA,"Augusta County, VA",36791,35304,1487,4,36898,35570,1328,4,37072,35823,1249,3,37168,36170,998,3,38009,37089,920,2,37173,35471,1702,5,36312,35201,1111,3,67698,86
51017,VA,"Bath County, VA",2546,2444,102,4,2499,2408,91,4,2585,2508,77,3,2539,2477,62,2,2505,2445,60,2,2309,2080,229,10,2219,2118,101,5,56165,71
51019,VA,"Bedford County, VA",38381,36703,1678,4,38012,36486,1526,4,38458,36985,1473,4,38654,37484,1170,3,39215,38109,1106,3,38220,36284,1936,5,37256,35981,1275,3,70004,88
51021,VA,"Bland County, VA",2792,2635,157,6,2742,2601,141,5,2894,2777,117,4,2862,2772,90,3,2877,2798,79,3,2811,2653,158,6,2720,2627,93,3,56637,72
51023,VA,"Botetourt County, VA",17459,16738,721,4,17375,16755,620,4,17435,16828,607,4,17457,16993,464,3,17796,17351,445,3,17321,16543,778,5,16976,16463,513,3,70803,89
51025,VA,"Brunswick County, VA",6355,5928,427,7,6216,5852,364,6,6176,5852,324,5,6057,5760,297,5,6115,5832,283,5,5951,5481,470,8,5708,5350,358,6,45556,58
51027,VA,"Buchanan County, VA",7298,6517,781,11,6860,6136,724,11,7055,6561,494,7,6994,6616,378,5,6882,6504,378,6,6430,5823,607,9,6130,5717,413,7,35891,45
51029,VA,"Buckingham County, VA",6317,5948,369,6,6273,5939,334,5,6377,6037,340,5,6374,6092,282,4,6606,6335,271,4,6326,5863,463,7,6205,5879,326,5,49339,62
51031,VA,"Campbell County, VA",26328,25100,1228,5,25973,24840,1133,4,26301,25223,1078,4,26148,25273,875,3,26378,25566,812,3,25759,24261,1498,6,24996,24042,954,4,59223,75
51033,VA,"Caroline County, VA",14790,14047,743,5,14875,14224,651,4,15163,14519,644,4,15296,14769,527,3,15389,14899,490,3,15029,14024,1005,7,14644,14012,632,4,67663,86
51035,VA,"Carroll County, VA",13100,12409,691,5,12977,12321,656,5,13637,13040,597,4,13420,12941,479,4,13451,12976,475,4,13195,12116,1079,8,12778,12255,523,4,48555,61
51036,VA,"Charles City County, VA",3731,3535,196,5,3724,3558,166,5,3718,3542,176,5,3678,3532,146,4,3714,3587,127,3,3534,3300,234,7,3443,3292,151,4,61850,78
51037,VA,"Charlotte County, VA",5271,4975,296,6,5259,5000,259,5,5371,5128,243,5,5261,5070,191,4,5326,5140,186,4,5113,4830,283,6,5206,5013,193,4,45084,57
51041,VA,"Chesterfield County, VA",178675,171090,7585,4,180972,174105,6867,4,185395,178778,6617,4,187984,182542,5442,3,191771,186569,5202,3,188369,177388,10981,6,183962,177248,6714,4,83598,106
51043,VA,"Clarke County, VA",7461,7168,293,4,7446,7184,262,4,7521,7266,255,3,7576,7359,217,3,7762,7573,189,2,7479,7138,341,5,7383,7155,228,3,88407,112
51045,VA,"Craig County, VA",2389,2259,130,5,2353,2243,110,5,2309,2210,99,4,2313,2231,82,4,2372,2298,74,3,2273,2157,116,5,2222,2148,74,3,57314,72
51047,VA,"Culpeper County, VA",23196,22202,994,4,23481,22585,896,4,24132,23268,864,4,24522,23824,698,3,25324,24675,649,3,24876,23655,1221,5,24541,23745,796,3,80151,101
51049,VA,"Cumberland County, VA",4573,4341,232,5,4609,4400,209,5,4731,4536,195,4,4694,4543,151,3,4726,4585,141,3,4603,4325,278,6,4537,4343,194,4,51035,65
51051,VA,"Dickenson County, VA",4927,4436,491,10,4575,4128,447,10,4676,4362,314,7,4565,4333,232,5,4745,4512,233,5,4747,4372,375,8,4645,4398,247,5,38394,49
51053,VA,"Dinwiddie County, VA",13362,12648,714,5,13461,12815,646,5,13552,12950,602,4,13684,13210,474,4,13814,13365,449,3,13469,12615,854,6,13210,12617,593,5,63567,80
51057,VA,"Essex County, VA",5531,5238,293,5,5529,5267,262,5,5643,5374,269,5,5560,5350,210,4,5575,5379,196,4,5488,5109,379,7,5284,5028,256,5,56134,71
51059,VA,"Fairfax County, VA",616185,594499,21686,4,617693,598093,19600,3,629074,610106,18968,3,633295,617899,15396,2,643065,628443,14622,2,627997,591622,36375,6,614999,593574,21425,4,132509,167
51061,VA,"Fauquier County, VA",35873,34477,1396,4,35977,34745,1232,3,36269,35091,1178,3,37054,36096,958,3,38085,37168,917,2,36777,35058,1719,5,36217,35138,1079,3,106977,135
51063,VA,"Floyd County, VA",8326,7999,327,4,8201,7873,328,4,8154,7858,296,4,8190,7969,221,3,8345,8134,211,3,8144,7735,409,5,8157,7903,254,3,54262,69
51065,VA,"Fluvanna County, VA",13214,12724,490,4,13201,12764,437,3,13540,13131,409,3,13806,13464,342,3,14444,14116,328,2,13805,13083,722,5,13572,13130,442,3,79598,101
51067,VA,"Franklin County, VA",26550,25328,1222,5,26402,25288,1114,4,26562,25535,1027,4,26443,25638,805,3,26789,26013,776,3,26146,24731,1415,5,25534,24628,906,4,61714,78
51069,VA,"Frederick County, VA",44796,43043,1753,4,45404,43842,1562,3,46824,45346,1478,3,47832,46597,1235,3,49229,48048,1181,2,49464,47189,2275,5,49021,47598,1423,3,83033,105
51071,VA,"Giles County, VA",7974,7567,407,5,7950,7530,420,5,7942,7574,368,5,7913,7651,262,3,8013,7755,258,3,7788,7304,484,6,7747,7479,268,4,55983,71
51073,VA,"Gloucester County, VA",19169,18399,770,4,19118,18430,688,4,19539,18899,640,3,19678,19153,525,3,19894,19389,505,3,19302,18257,1045,5,18837,18202,635,3,73893,93
51075,VA,"Goochland County, VA",10659,10220,439,4,10845,10443,402,4,10927,10548,379,4,11236,10905,331,3,11581,11266,315,3,11426,10880,546,5,11232,10887,345,3,101927,129
51077,VA,"Grayson County, VA",7071,6659,412,6,7031,6677,354,5,7744,7441,303,4,7744,7511,233,3,8173,7941,232,3,8022,7563,459,6,7841,7580,261,3,45896,58
51079,VA,"Greene County, VA",9888,9525,363,4,9946,9626,320,3,10240,9932,308,3,10410,10150,260,3,10725,10477,248,2,10361,9824,537,5,10165,9861,304,3,70046,89
51081,VA,"Greensville County, VA",4188,3966,222,5,4212,4002,210,5,4467,4275,192,4,4415,4255,160,4,4338,4192,146,3,4258,3975,283,7,4252,4045,207,5,48578,61
51083,VA,"Halifax County, VA",15255,14299,956,6,14880,14026,854,6,15693,14933,760,5,15301,14682,619,4,15758,15146,612,4,15176,14114,1062,7,14798,14091,707,5,43386,55
51085,VA,"Hanover County, VA",56465,54307,2158,4,57255,55280,1975,3,58679,56750,1929,3,59372,57837,1535,3,60155,58713,1442,2,58056,55260,2796,5,56895,55208,1687,3,97717,124
51087,VA,"Henrico County, VA",177634,170112,7522,4,179085,172221,6864,4,181903,175322,6581,4,182576,177154,5422,3,184822,179699,5123,3,181386,169700,11686,6,176593,169543,7050,4,80105,101
51089,VA,"Henry County, VA",22437,21019,1418,6,22165,20946,1219,6,23979,22876,1103,5,23903,23027,876,4,24068,23272,796,3,23761,21957,1804,8,23520,22423,1097,5,41706,53
51091,VA,"Highland County, VA",1345,1298,47,4,1308,1268,40,3,1305,1263,42,3,1268,1233,35,3,1267,1233,34,3,1233,1187,46,4,1223,1188,35,3,52898,67
51093,VA,"Isle of Wight County, VA",18876,18026,850,5,18955,18151,804,4,19268,18536,732,4,19541,18969,572,3,19834,19287,547,3,19391,18417,974,5,19026,18366,660,4,75481,95
51095,VA,"James City County, VA",34430,32960,1470,4,34910,33580,1330,4,36236,34977,1259,4,36861,35805,1056,3,37256,36277,979,3,37050,34511,2539,7,35844,34422,1422,4,86501,109
51097,VA,"King and Queen County, VA",3645,3472,173,5,3665,3515,150,4,3835,3703,132,3,3889,3772,117,3,3917,3809,108,3,3878,3682,196,5,3812,3692,120,3,60133,76
51099,VA,"King George County, VA",12101,11533,568,5,12336,11817,519,4,13059,12575,484,4,13327,12937,390,3,13635,13275,360,3,13882,13263,619,5,13898,13496,402,3,90786,115
51101,VA,"King William County, VA",8739,8375,364,4,8762,8435,327,4,9014,8707,307,3,9172,8905,267,3,9365,9114,251,3,9297,8804,493,5,9114,8809,305,3,79313,100
51103,VA,"Lancaster County, VA",5147,4813,334,7,5115,4832,283,6,5384,5105,279,5,5344,5113,231,4,5471,5237,234,4,5360,4971,389,7,5244,4964,280,5,55539,70
51105,VA,"Lee County, VA",8601,7989,612,7,8451,7886,565,7,8628,8186,442,5,8388,8047,341,4,8409,8073,336,4,8301,7772,529,6,8030,7705,325,4,38229,48
51107,VA,"Loudoun County, VA",200891,193830,7061,4,207602,201078,6524,3,216176,209681,6495,3,221826,216382,5444,3,229631,224380,5251,2,227250,215250,12000,5,222649,215775,6874,3,155362,196
51109,VA,"Louisa County, VA",18866,18078,788,4,18595,17895,700,4,19765,19098,667,3,19958,19408,550,3,20349,19810,539,3,20011,18973,1038,5,19910,19239,671,3,69907,88
51111,VA,"Lunenburg County, VA",5305,5038,267,5,5260,5021,239,5,5404,5182,222,4,5372,5201,171,3,5387,5219,168,3,5254,4979,275,5,5044,4852,192,4,47384,60
51113,VA,"Madison County, VA",7255,7011,244,3,7183,6962,221,3,7333,7120,213,3,7346,7168,178,2,7533,7368,165,2,7336,7058,278,4,7329,7148,181,3,67373,85
51115,VA,"Mathews County, VA",4090,3920,170,4,4045,3885,160,4,4132,3980,152,4,4164,4040,124,3,4223,4103,120,3,4019,3821,198,5,3936,3811,125,3,68946,87
51117,VA,"Mecklenburg County, VA",12561,11803,758,6,12473,11783,690,6,12859,12236,623,5,12792,12277,515,4,12834,12327,507,4,12674,11818,856,7,12429,11842,587,5,49542,63
51119,VA,"Middlesex County, VA",5000,4791,209,4,5035,4845,190,4,5367,5194,173,3,5283,5142,141,3,5329,5194,135,3,5154,4893,261,5,5085,4914,171,3,60752,77
51121,VA,"Montgomery County, VA",49925,47798,2127,4,49796,47769,2027,4,50146,48280,1866,4,50359,48891,1468,3,51066,49650,1416,3,49092,46761,2331,5,49360,47901,1459,3,62418,79
51125,VA,"Nelson County, VA",7296,7003,293,4,7246,6989,257,4,7355,7100,255,4,7392,7165,227,3,7642,7434,208,3,7229,6822,407,6,7106,6857,249,4,60757,77
51127,VA,"New Kent County, VA",11258,10835,423,4,11690,11300,390,3,12095,11714,381,3,12521,12185,336,3,13000,12696,304,2,12767,12190,577,5,12555,12184,371,3,107658,136
51131,VA,"Northampton County, VA",6120,5752,368,6,5881,5546,335,6,5568,5258,310,6,5436,5145,291,5,5513,5270,243,4,5418,4998,420,8,5359,5071,288,5,50096,63
51133,VA,"Northumberland County, VA",5483,5154,329,6,5454,5161,293,5,5612,5322,290,5,5595,5349,246,4,5740,5495,245,4,5663,5304,359,6,5503,5236,267,5,60575,77
51135,VA,"Nottoway County, VA",7158,6838,320,5,7044,6768,276,4,7192,6920,272,4,7283,7061,222,3,7371,7170,201,3,7204,6841,363,5,7029,6772,257,4,51503,65
51137,VA,"Orange County, VA",16118,15388,730,5,16386,15730,656,4,17015,16380,635,4,17184,16670,514,3,17591,17069,522,3,17148,16186,962,6,16992,16376,616,4,73226,93
51139,VA,"Page County, VA",11684,10891,793,7,11606,10971,635,6,11981,11373,608,5,12009,11512,497,4,12190,11726,464,4,12022,11143,879,7,11897,11344,553,5,52107,66
51141,VA,"Patrick County, VA",7667,7258,409,5,7962,7582,380,5,7762,7436,326,4,7508,7221,287,4,7464,7209,255,3,7236,6743,493,7,7016,6701,315,5,46149,58
51143,VA,"Pittsylvania County, VA",30185,28606,1579,5,29732,28343,1389,5,30945,29632,1313,4,30789,29709,1080,4,30447,29440,1007,3,29972,28049,1923,6,29293,28119,1174,4,49124,62
51145,VA,"Powhatan County, VA",13442,12915,527,4,13656,13180,476,4,13863,13408,455,3,14167,13792,375,3,14517,14153,364,3,14172,13491,681,5,13893,13492,401,3,98465,124
51147,VA,"Prince Edward County, VA",10096,9473,623,6,10166,9632,534,5,10336,9841,495,5,10503,10105,398,4,10559,10167,392,4,10144,9494,650,6,9976,9498,478,5,47968,61
51149,VA,"Prince George County, VA",14928,14133,795,5,14949,14234,715,5,15063,14398,665,4,15134,14590,544,4,15349,14840,509,3,14981,14016,965,6,14660,13998,662,5,75717,96
51153,VA,"Prince William County, VA",232296,222831,9465,4,235285,226848,8437,4,241599,233452,8147,3,244923,238264,6659,3,250537,244236,6301,3,247678,231644,16034,7,241803,232243,9560,4,111117,140
51155,VA,"Pulaski County, VA",16373,15556,817,5,16285,15331,954,6,16355,15492,863,5,16131,15579,552,3,16425,15874,551,3,16208,14938,1270,8,15938,15308,630,4,50530,64
51157,VA,"Rappahannock County, VA",3749,3596,153,4,3717,3588,129,4,3682,3554,128,4,3676,3576,100,3,3811,3716,95,3,3626,3461,165,5,3584,3480,104,3,76634,97
51159,VA,"Richmond County, VA",3915,3739,176,5,3913,3771,142,4,4083,3936,147,4,4091,3965,126,3,4118,3997,121,3,4040,3844,196,5,3904,3767,137,4,55870,71
51161,VA,"Roanoke County, VA",49273,47365,1908,4,49206,47475,1731,4,49368,47703,1665,3,49560,48227,1333,3,50320,49061,1259,3,49086,46600,2486,5,47898,46394,1504,3,71613,91
51163,VA,"Rockbridge County, VA",10363,9882,481,5,10475,10024,451,4,10672,10235,437,4,10674,10357,317,3,10940,10646,294,3,10438,9866,572,6,10381,9998,383,4,55684,70
51165,VA,"Rockingham County, VA",40273,38639,1634,4,40616,39212,1404,4,40983,39664,1319,3,41497,40401,1096,3,43074,42064,1010,2,41777,39820,1957,5,41368,40151,1217,3,62609,79
51167,VA,"Russell County, VA",11465,10723,742,7,11253,10538,715,6,11543,10948,595,5,11295,10818,477,4,11384,10914,470,4,11193,10453,740,7,10695,10233,462,4,43206,55
51169,VA,"Scott County, VA",9537,9052,485,5,9436,8982,454,5,9392,9015,377,4,9191,8895,296,3,9221,8937,284,3,9003,8522,481,5,8792,8477,315,4,44937,57
51171,VA,"Shenandoah County, VA",21120,20230,890,4,20856,20084,772,4,21831,21100,731,3,22392,21761,631,3,22553,21987,566,3,22175,21008,1167,5,21572,20802,770,4,54294,69
51173,VA,"Smyth County, VA",13509,12641,868,6,13691,12909,782,6,14009,13317,692,5,13794,13251,543,4,13876,13366,510,4,13425,12562,863,6,13524,12977,547,4,43351,55
51175,VA,"Southampton County, VA",9234,8869,365,4,9049,8699,350,4,9120,8796,324,4,9120,8869,251,3,9246,9003,243,3,9094,8649,445,5,8739,8435,304,4,60441,76
51177,VA,"Spotsylvania County, VA",64057,61127,2930,5,65027,62413,2614,4,66005,63568,2437,4,66813,64787,2026,3,69053,67072,1981,3,68029,63987,4042,6,66679,64156,2523,4,94299,119
51179,VA,"Stafford County, VA",66918,63975,2943,4,68383,65749,2634,4,70099,67592,2507,4,71845,69742,2103,3,74556,72525,2031,3,73839,69723,4116,6,72503,69867,2636,4,110120,139
51181,VA,"Surry County, VA",3731,3545,186,5,3660,3471,189,5,3773,3609,164,4,3788,3660,128,3,3716,3590,126,3,3603,3398,205,6,3482,3349,133,4,57872,73
51183,VA,"Sussex County, VA",4088,3812,276,7,3952,3708,244,6,3855,3628,227,6,3797,3611,186,5,3818,3646,172,5,3689,3373,316,9,3593,3359,234,7,48040,61
51185,VA,"Tazewell County, VA",16670,15454,1216,7,15965,14787,1178,7,16303,15391,912,6,16065,15364,701,4,15867,15185,682,4,15510,14328,1182,8,14995,14210,785,5,45214,57
51187,VA,"Warren County, VA",19697,18773,924,5,19725,18940,785,4,20052,19315,737,4,20372,19752,620,3,20816,20236,580,3,20346,19165,1181,6,19936,19231,705,4,63797,81
51191,VA,"Washington County, VA",27083,25804,1279,5,26881,25687,1194,4,27081,25980,1101,4,26928,26027,901,3,26659,25776,883,3,25974,24474,1500,6,25246,24344,902,4,53785,68
51193,VA,"Westmoreland County, VA",8954,8478,476,5,8989,8584,405,5,9444,9027,417,4,9463,9120,343,4,9634,9300,334,4,9527,8972,555,6,9508,9087,421,4,59343,75
51195,VA,"Wise County, VA",13831,12701,1130,8,13211,12109,1102,8,13666,12804,862,6,13335,12683,652,5,13513,12895,618,5,13125,12138,987,8,12722,12058,664,5,41723,53
51197,VA,"Wythe County, VA",13694,12961,733,5,13673,12905,768,6,14162,13457,705,5,13861,13350,511,4,13902,13410,492,4,13859,12790,1069,8,13516,12972,544,4,54399,69
51199,VA,"York County, VA",32121,30763,1358,4,32155,30926,1229,4,32817,31676,1141,4,32983,32073,910,3,33521,32638,883,3,32801,30991,1810,6,31945,30888,1057,3,91711,116
51510,VA,"Alexandria city, VA",94551,91485,3066,3,96536,93776,2760,3,100279,97446,2833,3,101002,98733,2269,2,102166,100011,2155,2,99382,93425,5957,6,97365,93692,3673,4,99763,126
51520,VA,"Bristol city, VA",7541,7143,398,5,7455,7084,371,5,7415,7084,331,5,7248,6978,270,4,7386,7112,274,4,7558,6988,570,8,7313,6966,347,5,41444,52
51530,VA,"Buena Vista city, VA",3307,3141,166,5,3279,3115,164,5,3387,3245,142,4,3384,3279,105,3,3508,3414,94,3,3200,3022,178,6,2961,2846,115,4,48837,62
51540,VA,"Charlottesville city, VA",24746,23846,900,4,24916,24088,828,3,26018,25224,794,3,26225,25564,661,3,26484,25863,621,2,25278,23641,1637,7,24609,23706,903,4,70501,89
51550,VA,"Chesapeake city, VA",116777,111550,5227,5,118086,113123,4963,4,122020,117462,4558,4,123520,119816,3704,3,125827,122255,3572,3,123014,115546,7468,6,119733,115125,4608,4,80402,102
51570,VA,"Colonial Heights city, VA",8700,8295,405,5,8723,8338,385,4,8831,8477,354,4,8824,8533,291,3,8671,8393,278,3,8382,7783,599,7,8169,7778,391,5,67339,85
51580,VA,"Covington city, VA",2427,2283,144,6,2385,2247,138,6,2469,2322,147,6,2423,2311,112,5,2438,2339,99,4,2414,2182,232,10,2279,2147,132,6,40683,51
51590,VA,"Danville city, VA",19184,17819,1365,7,19125,17984,1141,6,20117,18991,1126,6,19763,18770,993,5,19360,18402,958,5,19244,17386,1858,10,18394,17190,1204,7,36560,46
51595,VA,"Emporia city, VA",2252,2098,154,7,2246,2104,142,6,2384,2260,124,5,2356,2245,111,5,2333,2218,115,5,2347,2090,257,11,2336,2153,183,8,42895,54
51600,VA,"Fairfax city, VA",12853,12409,444,4,12993,12602,391,3,13082,12710,372,3,13407,13104,303,2,13348,13063,285,2,12696,11962,734,6,12429,12004,425,3,102828,130
51610,VA,"Falls Church city, VA",7878,7641,237,3,7993,7778,215,3,8408,8188,220,3,8568,8385,183,2,8641,8462,179,2,8264,7951,313,4,8196,7979,217,3,160305,203
51620,VA,"Franklin city, VA",3622,3382,240,7,3540,3329,211,6,3604,3415,189,5,3624,3468,156,4,3632,3489,143,4,3647,3343,304,8,3481,3242,239,7,47223,60
51630,VA,"Fredericksburg city, VA",13419,12712,707,5,13575,12936,639,5,13722,13128,594,4,14101,13617,484,3,14313,13835,478,3,14179,13175,1004,7,13853,13207,646,5,72437,92
51640,VA,"Galax city, VA",2957,2798,159,5,2905,2764,141,5,3034,2909,125,4,2959,2858,101,3,2954,2860,94,3,2884,2661,223,8,2813,2698,115,4,40271,51
51650,VA,"Hampton city, VA",64501,60682,3819,6,64029,60438,3591,6,65043,61795,3248,5,64888,62286,2602,4,65518,63068,2450,4,64985,59493,5492,9,62844,59278,3566,6,53719,68
51660,VA,"Harrisonburg city, VA",23977,22722,1255,5,24259,23107,1152,5,25005,23915,1090,4,24799,23942,857,4,25018,24218,800,3,24374,22818,1556,6,23996,23027,969,4,52159,66
51670,VA,"Hopewell city, VA",9655,8933,722,8,9786,9157,629,6,9833,9236,597,6,9740,9277,463,5,9754,9337,417,4,9723,8676,1047,11,9361,8662,699,8,41792,53
51678,VA,"Lexington city, VA",2260,2108,152,7,2267,2130,137,6,2142,2014,128,6,2098,2000,98,5,2115,2017,98,5,2043,1902,141,7,2047,1946,101,5,63580,80
51680,VA,"Lynchburg city, VA",35763,33791,1972,6,35557,33738,1819,5,36372,34606,1766,5,36598,35146,1452,4,36976,35617,1359,4,35861,33263,2598,7,34699,32939,1760,5,56089,71
51683,VA,"Manassas city, VA",21681,20794,887,4,21626,20858,768,4,21844,21114,730,3,21990,21403,587,3,22089,21537,552,3,21506,20102,1404,7,20983,20162,821,4,87804,111
51685,VA,"Manassas Park city, VA",8367,8022,345,4,8493,8188,305,4,8926,8629,297,3,9355,9103,252,3,9613,9377,236,3,9716,9071,645,7,9464,9104,360,4,82255,104
51690,VA,"Martinsville city, VA",5375,4909,466,9,5167,4807,360,7,5560,5214,346,6,5523,5272,251,5,5538,5314,224,4,5649,5034,615,11,5531,5115,416,8,35715,45
51700,VA,"Newport News city, VA",89143,84369,4774,5,88936,84452,4484,5,89790,85701,4089,5,89443,86228,3215,4,90560,87466,3094,3,89574,81831,7743,9,86364,81527,4837,6,60048,76
51710,VA,"Norfolk city, VA",110946,104840,6106,6,110464,104722,5742,5,112669,107538,5131,5,112435,108386,4049,4,112836,108973,3863,3,111753,102070,9683,9,107879,101694,6185,6,51401,65
51720,VA,"Norton city, VA",1739,1620,119,7,1662,1550,112,7,1717,1627,90,5,1681,1615,66,4,1699,1638,61,4,1661,1539,122,7,1604,1525,79,5,36004,46
51730,VA,"Petersburg city, VA",13547,12320,1227,9,13214,12194,1020,8,13269,12308,961,7,13109,12311,798,6,13072,12343,729,6,13071,11221,1850,14,12529,11210,1319,11,43190,55
51735,VA,"Poquoson city, VA",6226,5988,238,4,6176,5963,213,3,6326,6113,213,3,6425,6255,170,3,6532,6376,156,2,6241,5980,261,4,6130,5960,170,3,99310,126
51740,VA,"Portsmouth city, VA",44417,41689,2728,6,44103,41436,2667,6,44681,42308,2373,5,44594,42790,1804,4,44890,43153,1737,4,44953,40715,4238,9,43482,40574,2908,7,52070,66
51750,VA,"Radford city, VA",8323,7859,464,6,8267,7826,441,5,8417,8006,411,5,8699,8373,326,4,8808,8498,310,4,8546,8010,536,6,8551,8204,347,4,42938,54
51760,VA,"Richmond city, VA",113141,107324,5817,5,114798,109549,5249,5,117943,112921,5022,4,118719,114564,4155,4,120429,116513,3916,3,120511,109953,10558,9,116270,109892,6378,6,54815,69
51770,VA,"Roanoke city, VA",49096,46728,2368,5,48997,46924,2073,4,49421,47397,2024,4,49366,47784,1582,3,49666,48170,1496,3,49330,45554,3776,8,47664,45355,2309,5,49313,62
51775,VA,"Salem city, VA",12816,12258,558,4,12909,12409,500,4,13160,12674,486,4,13033,12649,384,3,13037,12677,360,3,12745,12010,735,6,12390,11950,440,4,70349,89
51790,VA,"Staunton city, VA",11857,11348,509,4,11808,11354,454,4,11975,11551,424,4,12135,11793,342,3,12396,12066,330,3,12253,11483,770,6,11849,11397,452,4,51230,65
51800,VA,"Suffolk city, VA",42458,40380,2078,5,43013,41030,1983,5,44405,42616,1789,4,44945,43510,1435,3,45819,44444,1375,3,45344,42448,2896,6,44227,42283,1944,4,72264,91
51810,VA,"Virginia Beach city, VA",229696,219985,9711,4,229517,220574,8943,4,233787,225590,8197,4,234644,228003,6641,3,236742,230437,6305,3,230879,216547,14332,6,224179,215879,8300,4,73961,93
51820,VA,"Waynesboro city, VA",10050,9576,474,5,10205,9788,417,4,10520,10103,417,4,10625,10285,340,3,10826,10517,309,3,10650,9949,701,7,10298,9873,425,4,53635,68
51830,VA,"Williamsburg city, VA",6682,6264,418,6,6720,6354,366,5,6804,6454,350,5,6737,6468,269,4,6827,6565,262,4,6831,6277,554,8,6579,6259,320,5,60655,77
51840,VA,"Winchester city, VA",14256,13640,616,4,14345,13780,565,4,14611,14083,528,4,14690,14258,432,3,14953,14539,414,3,14688,13818,870,6,14437,13932,505,4,58295,74
53001,WA,"Adams County, WA",8617,8038,579,7,8717,8166,551,6,8932,8428,504,6,9433,8924,509,5,9985,9411,574,6,9267,8599,668,7,9611,9080,531,6,56421,70
53003,WA,"Asotin County, WA",9682,9234,448,5,9972,9483,489,5,10293,9868,425,4,10250,9811,439,4,10467,10029,438,4,10331,9799,532,5,10630,10235,395,4,53377,67
53005,WA,"Benton County, WA",91733,85797,5936,7,94362,88504,5858,6,97393,92105,5288,5,99575,94389,5186,5,104153,98586,5567,5,105564,97191,8373,8,104773,98915,5858,6,75882,95
53007,WA,"Chelan County, WA",42646,40344,2302,5,43313,40878,2435,6,44485,42367,2118,5,45381,43317,2064,5,45492,43236,2256,5,44686,41025,3661,8,44869,42496,2373,5,61546,77
53009,WA,"Clallam County, WA",26784,24680,2104,8,27332,25285,2047,8,27884,26016,1868,7,28269,26474,1795,6,29134,27175,1959,7,28904,25951,2953,10,29371,27460,1911,7,54712,68
53011,WA,"Clark County, WA",214327,200966,13361,6,220996,207736,13260,6,228847,217404,11443,5,234402,223243,11159,5,247294,235442,11852,5,243828,223280,20548,8,246019,232586,13433,6,76929,96
53013,WA,"Columbia County, WA",1693,1586,107,6,1720,1610,110,6,1782,1684,98,6,1802,1703,99,6,1838,1737,101,6,1786,1661,125,7,1813,1718,95,5,58220,73
53015,WA,"Cowlitz County, WA",44093,40793,3300,8,44876,41712,3164,7,45930,43184,2746,6,46590,43845,2745,6,48468,45512,2956,6,48928,44453,4475,9,48443,45358,3085,6,64357,80
53017,WA,"Douglas County, WA",19772,18547,1225,6,20545,19154,1391,7,21201,20021,1180,6,21874,20718,1156,5,22336,21063,1273,6,21571,19783,1788,8,21948,20745,1203,6,64768,81
53019,WA,"Ferry County, WA",2472,2228,244,10,2493,2240,253,10,2522,2248,274,11,2521,2230,291,12,2533,2243,290,11,2432,2151,281,12,2327,2121,206,9,47722,59
53021,WA,"Franklin County, WA",38958,36088,2870,7,39864,36952,2912,7,40886,38334,2552,6,41895,39356,2539,6,43462,40623,2839,7,43838,40032,3806,9,43835,40954,2881,7,73656,92
53023,WA,"Garfield County, WA",930,874,56,6,920,867,53,6,909,861,48,5,910,858,52,6,917,865,52,6,815,746,69,9,821,773,48,6,56804,71
53025,WA,"Grant County, WA",44688,41531,3157,7,44585,41462,3123,7,45324,42534,2790,6,46785,43883,2902,6,47768,44452,3316,7,46989,42845,4144,9,47490,44357,3133,7,54753,68
53027,WA,"Grays Harbor County, WA",26897,24532,2365,9,27256,25019,2237,8,27960,26015,1945,7,28408,26508,1900,7,29252,27140,2112,7,28733,25357,3376,12,29083,26828,2255,8,54034,67
53029,WA,"Island County, WA",31766,29885,1881,6,32764,30860,1904,6,34102,32360,1742,5,34869,33058,1811,5,36329,34454,1875,5,36239,33268,2971,8,36507,34466,2041,6,76965,96
53031,WA,"Jefferson County, WA",11196,10422,774,7,11516,10714,802,7,11968,11249,719,6,12337,11628,709,6,13000,12249,751,6,12908,11686,1222,10,12802,12008,794,6,66386,83
53033,WA,"King County, WA",1185074,1136052,49022,4,1213173,1166951,46222,4,1231166,1187422,43744,4,1260655,1218696,41959,3,1285974,1250766,35208,3,1278594,1178362,100232,8,1278003,1223432,54571,4,102620,128
53035,WA,"Kitsap County, WA",115388,109174,6214,5,118285,111789,6496,6,120912,115114,5798,5,124212,118498,5714,5,129785,123742,6043,5,128417,118545,9872,8,128186,121720,6466,5,76814,96
53037,WA,"Kittitas County, WA",20846,19591,1255,6,21549,20286,1263,6,22362,21191,1171,5,22154,20949,1205,5,23853,22546,1307,6,22318,20321,1997,9,21787,20406,1381,6,64727,81
53039,WA,"Klickitat County, WA",9454,8796,658,7,9649,9002,647,7,9931,9350,581,6,10149,9577,572,6,10388,9767,621,6,9738,8941,797,8,10105,9495,610,6,57476,72
53041,WA,"Lewis County, WA",31203,28657,2546,8,31938,29483,2455,8,33251,31087,2164,7,34120,31989,2131,6,35263,33050,2213,6,34813,31557,3256,9,34798,32614,2184,6,54578,68
53043,WA,"Lincoln County, WA",4877,4601,276,6,4894,4626,268,6,4972,4730,242,5,5104,4857,247,5,5092,4831,261,5,4680,4367,313,7,4691,4462,229,5,61332,76
53045,WA,"Mason County, WA",23007,21259,1748,8,23519,21769,1750,7,23892,22345,1547,7,24587,23041,1546,6,25490,23846,1644,6,25435,22935,2500,10,25112,23362,1750,7,63785,79
53047,WA,"Okanogan County, WA",21230,19803,1427,7,21415,20015,1400,7,21018,19611,1407,7,20728,19399,1329,6,20655,19241,1414,7,19464,17729,1735,9,19538,18246,1292,7,48979,61
53049,WA,"Pacific County, WA",8091,7385,706,9,8295,7637,658,8,8375,7793,582,7,8461,7881,580,7,8628,8012,616,7,8296,7385,911,11,8569,7894,675,8,53319,66
53051,WA,"Pend Oreille County, WA",4596,4165,431,9,4663,4254,409,9,4752,4405,347,7,4871,4525,346,7,5098,4687,411,8,5175,4652,523,10,5138,4747,391,8,57212,71
53053,WA,"Pierce County, WA",392279,367880,24399,6,404970,380954,24016,6,417889,395846,22043,5,428250,406220,22030,5,447296,423850,23446,5,453641,410559,43082,10,448785,421606,27179,6,80236,100
53055,WA,"San Juan County, WA",7724,7363,361,5,7879,7518,361,5,8229,7909,320,4,8330,8007,323,4,8737,8398,339,4,8126,7467,659,8,8376,7959,417,5,74533,93
53057,WA,"Skagit County, WA",56687,52969,3718,7,58012,54287,3725,6,59620,56407,3213,5,60906,57759,3147,5,63910,60383,3527,6,63553,57472,6081,10,61981,58077,3904,6,78798,98
53059,WA,"Skamania County, WA",4946,4591,355,7,5078,4731,347,7,5313,4994,319,6,5383,5085,298,6,5678,5366,312,6,5457,4956,501,9,5511,5161,350,6,68501,85
53061,WA,"Snohomish County, WA",404003,385767,18236,5,415292,397875,17417,4,421436,404794,16642,4,429470,413908,15562,4,437889,424765,13124,3,438858,400158,38700,9,437145,415354,21791,5,93589,117
53063,WA,"Spokane County, WA",227863,213461,14402,6,234673,220625,14048,6,240744,227979,12765,5,246687,233903,12784,5,257815,244022,13793,5,264531,242217,22314,8,260902,246886,14016,5,60827,76
53065,WA,"Stevens County, WA",17432,15924,1508,9,17894,16446,1448,8,18168,16868,1300,7,18484,17176,1308,7,19182,17813,1369,7,19102,17374,1728,9,19010,17738,1272,7,50958,63
53067,WA,"Thurston County, WA",125761,118488,7273,6,129896,122677,7219,6,134916,128322,6594,5,138851,132256,6595,5,144136,137010,7126,5,147482,135613,11869,8,145252,137708,7544,5,79769,99
53069,WA,"Wahkiakum County, WA",1291,1179,112,9,1289,1179,110,9,1310,1217,93,7,1340,1251,89,7,1389,1296,93,7,1394,1273,121,9,1357,1267,90,7,62099,77
53071,WA,"Walla Walla County, WA",28056,26459,1597,6,28734,27206,1528,5,28990,27577,1413,5,29520,28136,1384,5,30506,28984,1522,5,31044,28997,2047,7,31593,30137,1456,5,61281,76
53073,WA,"Whatcom County, WA",104286,98270,6016,6,107213,101059,6154,6,110492,105060,5432,5,112320,107001,5319,5,116635,110694,5941,5,116973,106333,10640,9,113751,106929,6822,6,70463,88
53075,WA,"Whitman County, WA",22767,21694,1073,5,23132,21989,1143,5,23423,22413,1010,4,23687,22652,1035,4,24433,23347,1086,4,22190,20921,1269,6,22366,21370,996,5,52066,65
53077,WA,"Yakima County, WA",121715,112179,9536,8,125890,116529,9361,7,126111,117646,8465,7,129750,121562,8188,6,133513,123998,9515,7,133379,120855,12524,9,131217,122071,9146,7,56353,70
54001,WV,"Barbour County, WV",6979,6476,503,7,6983,6508,475,7,6854,6454,400,6,6932,6522,410,6,7201,6772,429,6,7196,6611,585,8,7165,6786,379,5,43773,89
54003,WV,"Berkeley County, WV",54578,51968,2610,5,54260,52110,2150,4,56532,54471,2061,4,58029,55703,2326,4,59048,56939,2109,4,58110,54586,3524,6,60140,57999,2141,4,67163,137
54005,WV,"Boone County, WV",8277,7490,787,10,8014,7284,730,9,7600,7112,488,6,7520,7067,453,6,7387,6982,405,6,7361,6606,755,10,7259,6818,441,6,49076,100
54007,WV,"Braxton County, WV",5523,5042,481,9,5509,5026,483,9,5283,4886,397,8,5149,4791,358,7,5242,4852,390,7,5195,4672,523,10,5097,4753,344,7,47959,98
54009,WV,"Brooke County, WV",10204,9475,729,7,10012,9306,706,7,9835,9236,599,6,9954,9357,597,6,9988,9468,520,5,9752,8899,853,9,9939,9336,603,6,50381,102
54011,WV,"Cabell County, WV",41790,39572,2218,5,41349,39356,1993,5,41770,39869,1901,5,41426,39497,1929,5,41444,39714,1730,4,41429,38200,3229,8,41419,39500,1919,5,44161,90
54013,WV,"Calhoun County, WV",2790,2450,340,12,2630,2292,338,13,2421,2159,262,11,2441,2189,252,10,2562,2229,333,13,2491,2099,392,16,2495,2237,258,10,41726,85
54015,WV,"Clay County, WV",3307,2946,361,11,3269,2930,339,10,3170,2896,274,9,3149,2888,261,8,3149,2879,270,9,3105,2723,382,12,3051,2815,236,8,36537,74
54017,WV,"Doddridge County, WV",3687,3488,199,5,3794,3597,197,5,3911,3744,167,4,3996,3841,155,4,4004,3825,179,5,3901,3668,233,6,3867,3708,159,4,50445,103
54019,WV,"Fayette County, WV",16464,15083,1381,8,16024,14752,1272,8,15833,14819,1014,6,16043,15037,1006,6,16246,15322,924,6,16014,14449,1565,10,15981,14987,994,6,41964,85
54021,WV,"Gilmer County, WV",2737,2528,209,8,2547,2337,210,8,2418,2245,173,7,2388,2239,149,6,2375,2214,161,7,2294,2066,228,10,2321,2160,161,7,41579,85
54023,WV,"Grant County, WV",5830,5399,431,7,5974,5619,355,6,5935,5602,333,6,5874,5544,330,6,5967,5639,328,6,5914,5539,375,6,5994,5726,268,5,45624,93
54025,WV,"Greenbrier County, WV",15543,14548,995,6,15735,14885,850,5,15828,15057,771,5,15782,14991,791,5,16000,15255,745,5,15538,14316,1222,8,15744,15043,701,5,40016,81
54027,WV,"Hampshire County, WV",9739,9209,530,5,9927,9495,432,4,10394,9986,408,4,10499,10057,442,4,10682,10266,416,4,10649,10076,573,5,11043,10670,373,3,53333,108
54029,WV,"Hancock County, WV",13147,12146,1001,8,12899,11995,904,7,12896,12114,782,6,13010,12255,755,6,13099,12421,678,5,12982,11712,1270,10,13098,12277,821,6,52305,106
54031,WV,"Hardy County, WV",5533,5129,404,7,5736,5409,327,6,5940,5649,291,5,5836,5519,317,5,5808,5508,300,5,5746,5341,405,7,5672,5393,279,5,47469,97
54033,WV,"Harrison County, WV",32228,30244,1984,6,32448,30555,1893,6,33369,31759,1610,5,34422,32885,1537,5,34589,33043,1546,5,33700,31085,2615,8,33767,32186,1581,5,52075,106
54035,WV,"Jackson County, WV",12050,11202,848,7,12045,11263,782,7,12087,11398,689,6,16351,15706,645,4,13365,12689,676,5,12502,11444,1058,9,12040,11356,684,6,52123,106
54037,WV,"Jefferson County, WV",28100,26973,1127,4,28648,27683,965,3,29470,28556,914,3,29982,28991,991,3,30570,29615,955,3,29674,27945,1729,6,30391,29451,940,3,85779,174
54039,WV,"Kanawha County, WV",87250,82145,5105,6,85575,80899,4676,6,83582,79331,4251,5,83247,79012,4235,5,82607,78800,3807,5,82265,75166,7099,9,81818,77575,4243,5,47830,97
54041,WV,"Lewis County, WV",7057,6489,568,8,6850,6268,582,9,6563,6128,435,7,6733,6363,370,6,6806,6382,424,6,6201,5538,663,11,6196,5765,431,7,53471,109
54043,WV,"Lincoln County, WV",7437,6729,708,10,7312,6688,624,9,7205,6711,494,7,7187,6697,490,7,7217,6758,459,6,7105,6404,701,10,7086,6621,465,7,40741,83
54045,WV,"Logan County, WV",11620,10345,1275,11,11195,10052,1143,10,10844,10035,809,8,10839,10100,739,7,11169,10505,664,6,11063,9752,1311,12,11111,10376,735,7,38571,78
54047,WV,"McDowell County, WV",5399,4726,673,13,5102,4481,621,12,4701,4280,421,9,4503,4086,417,9,4461,4052,409,9,4408,3869,539,12,4289,3936,353,8,26582,54
54049,WV,"Marion County, WV",26326,24564,1762,7,25754,24069,1685,7,25502,24153,1349,5,25462,24026,1436,6,25734,24423,1311,5,24922,22801,2121,9,25080,23773,1307,5,58878,120
54051,WV,"Marshall County, WV",14211,13035,1176,8,14111,12986,1125,8,14059,13221,838,6,14286,13467,819,6,14163,13258,905,6,13373,12071,1302,10,13367,12532,835,6,54028,110
54053,WV,"Mason County, WV",10078,9241,837,8,10063,9345,718,7,10061,9384,677,7,10022,9332,690,7,10291,9676,615,6,10245,9397,848,8,10171,9609,562,6,44307,90
54055,WV,"Mercer County, WV",22225,20650,1575,7,21760,20302,1458,7,21453,20200,1253,6,21194,19881,1313,6,20982,19784,1198,6,20745,18854,1891,9,20622,19377,1245,6,42095,86
54057,WV,"Mineral County, WV",11757,10915,842,7,11947,11235,712,6,12285,11636,649,5,12412,11738,674,5,12629,11904,725,6,12071,11178,893,7,12215,11645,570,5,50300,102
54059,WV,"Mingo County, WV",7303,6362,941,13,6751,5899,852,13,6799,6212,587,9,6909,6392,517,8,6901,6432,469,7,6722,5779,943,14,6220,5663,557,9,32955,67
54061,WV,"Monongalia County, WV",51084,48736,2348,5,51452,49222,2230,4,53171,51190,1981,4,54228,52038,2190,4,54788,52791,1997,4,54222,50857,3365,6,55827,53636,2191,4,55836,114
54063,WV,"Monroe County, WV",5818,5502,316,5,5998,5725,273,5,5932,5670,262,4,5850,5572,278,5,6001,5738,263,4,5994,5578,416,7,6090,5869,221,4,46879,95
54065,WV,"Morgan County, WV",7563,7158,405,5,7679,7342,337,4,7864,7553,311,4,8044,7703,341,4,8217,7897,320,4,8241,7752,489,6,8532,8236,296,4,57432,117
54067,WV,"Nicholas County, WV",10046,9158,888,9,9619,8770,849,9,9313,8646,667,7,9382,8786,596,6,9474,8873,601,6,9281,8328,953,10,9085,8541,544,6,42725,87
54069,WV,"Ohio County, WV",20909,19764,1145,6,20695,19546,1149,6,21045,20055,990,5,21540,20563,977,5,21201,20241,960,5,20250,18585,1665,8,20333,19292,1041,5,41312,84
54071,WV,"Pendleton County, WV",3618,3454,164,5,3665,3523,142,4,3582,3447,135,4,3569,3438,131,4,3699,3555,144,4,3635,3460,175,5,3763,3651,112,3,47167,96
54073,WV,"Pleasants County, WV",3019,2768,251,8,2964,2721,243,8,2834,2634,200,7,2872,2696,176,6,2912,2712,200,7,2677,2384,293,11,2696,2503,193,7,55313,112
54075,WV,"Pocahontas County, WV",3632,3343,289,8,3739,3490,249,7,3769,3545,224,6,3838,3605,233,6,3901,3680,221,6,3797,3455,342,9,3920,3724,196,5,41173,84
54077,WV,"Preston County, WV",14811,13909,902,6,14900,14044,856,6,15307,14549,758,5,15486,14686,800,5,15565,14849,716,5,15234,14140,1094,7,15649,14943,706,5,51757,105
54079,WV,"Putnam County, WV",25842,24430,1412,6,25859,24594,1265,5,26396,25153,1243,5,26638,25347,1291,5,26945,25768,1177,4,26841,24901,1940,7,26881,25751,1130,4,69175,141
54081,WV,"Raleigh County, WV",30696,28484,2212,7,30031,27931,2100,7,29579,27991,1588,5,30002,28457,1545,5,30513,29080,1433,5,30123,27493,2630,9,30080,28502,1578,5,44526,91
54083,WV,"Randolph County, WV",12037,11213,824,7,12245,11511,734,6,12215,11556,659,5,12152,11493,659,5,12400,11662,738,6,12184,11091,1093,9,12058,11386,672,6,48306,98
54085,WV,"Ritchie County, WV",4546,4236,310,7,4578,4279,299,7,4431,4187,244,6,4356,4126,230,5,4406,4154,252,6,4352,3996,356,8,4330,4089,241,6,45066,92
54087,WV,"Roane County, WV",5278,4685,593,11,5219,4681,538,10,5056,4615,441,9,4996,4610,386,8,5126,4634,492,10,5085,4470,615,12,5017,4592,425,9,42379,86
54089,WV,"Summers County, WV",4573,4259,314,7,4585,4304,281,6,4406,4146,260,6,4252,3996,256,6,4350,4110,240,6,4337,4007,330,8,4471,4261,210,5,38692,79
54091,WV,"Taylor County, WV",7832,7374,458,6,7844,7401,443,6,7855,7469,386,5,7861,7485,376,5,7917,7531,386,5,7724,7167,557,7,7848,7485,363,5,53587,109
54093,WV,"Tucker County, WV",3465,3258,207,6,3487,3299,188,5,3422,3245,177,5,3361,3179,182,5,3350,3176,174,5,3306,3036,270,8,3427,3243,184,5,44461,90
54095,WV,"Tyler County, WV",3697,3359,338,9,3559,3242,317,9,3235,2986,249,8,3131,2906,225,7,3163,2919,244,8,3012,2697,315,11,2980,2742,238,8,46693,95
54097,WV,"Upshur County, WV",9771,9005,766,8,9837,9095,742,8,9467,8884,583,6,9490,8955,535,6,9654,9078,576,6,9564,8671,893,9,9681,9080,601,6,46171,94
54099,WV,"Wayne County, WV",15751,14657,1094,7,15582,14552,1030,7,15681,14768,913,6,15754,14829,925,6,15776,14920,856,5,15570,14287,1283,8,15573,14771,802,5,45507,93
54101,WV,"Webster County, WV",3512,3253,259,7,3502,3209,293,8,3319,3109,210,6,3202,3001,201,6,3316,3107,209,6,3265,2965,300,9,3241,3041,200,6,34396,70
54103,WV,"Wetzel County, WV",7238,6531,707,10,7225,6557,668,9,6780,6267,513,8,6625,6157,468,7,6629,6148,481,7,6497,5858,639,10,6698,6249,449,7,47322,96
54105,WV,"Wirt County, WV",2281,2050,231,10,2239,2042,197,9,2211,2036,175,8,2235,2081,154,7,2315,2133,182,8,2232,1996,236,11,2271,2098,173,8,49504,101
54107,WV,"Wood County, WV",37513,35206,2307,6,36940,34816,2124,6,36362,34363,1999,6,36410,34451,1959,5,36809,34924,1885,5,36102,32991,3111,9,36539,34608,1931,5,47019,96
54109,WV,"Wyoming County, WV",7833,7095,738,9,7444,6685,759,10,6908,6419,489,7,6872,6399,473,7,6667,6200,467,7,6829,6164,665,10,7183,6767,416,6,39143,80
55001,WI,"Adams County, WI",8302,7713,589,7,8255,7770,485,6,8258,7842,416,5,8205,7821,384,5,8186,7790,396,5,8138,7354,784,10,8020,7524,496,6,52060,80
55003,WI,"Ashland County, WI",7901,7418,483,6,7929,7510,419,5,7917,7559,358,5,7932,7597,335,4,7904,7544,360,5,7700,7037,663,9,7713,7324,389,5,52115,80
55005,WI,"Barron County, WI",24396,23207,1189,5,24277,23203,1074,4,24774,23916,858,4,24991,24157,834,3,24479,23554,925,4,24170,22692,1478,6,24374,23434,940,4,54963,85
55007,WI,"Bayfield County, WI",7505,6894,611,8,7507,7003,504,7,7602,7211,391,5,7597,7230,367,5,7591,7187,404,5,7569,6871,698,9,7606,7169,437,6,58218,90
55009,WI,"Brown County, WI",138906,133376,5530,4,140794,135820,4974,4,143180,138992,4188,3,143144,139237,3907,3,142219,138014,4205,3,141840,133226,8614,6,142598,137757,4841,3,64905,100
55011,WI,"Buffalo County, WI",6518,6206,312,5,6553,6268,285,4,6600,6355,245,4,6619,6394,225,3,6474,6219,255,4,6419,5941,478,7,6371,6105,266,4,56643,87
55013,WI,"Burnett County, WI",7249,6754,495,7,7152,6735,417,6,7368,7015,353,5,7322,6987,335,5,7162,6799,363,5,7270,6610,660,9,7415,7024,391,5,57888,89
55015,WI,"Calumet County, WI",27398,26443,955,4,27650,26782,868,3,27994,27217,777,3,27802,27089,713,3,27614,26875,739,3,27404,26108,1296,5,27758,26984,774,3,79046,122
55017,WI,"Chippewa County, WI",33064,31542,1522,5,33263,31887,1376,4,33548,32382,1166,4,33459,32370,1089,3,33517,32308,1209,4,33248,31163,2085,6,33814,32489,1325,4,62841,97
55019,WI,"Clark County, WI",17384,16641,743,4,17481,16817,664,4,18020,17477,543,3,18085,17570,515,3,17801,17244,557,3,17630,16830,800,5,17911,17339,572,3,55808,86
55021,WI,"Columbia County, WI",31265,29930,1335,4,31490,30384,1106,4,31816,30883,933,3,31572,30724,848,3,31819,30890,929,3,31532,29655,1877,6,31978,30897,1081,3,74776,115
55023,WI,"Crawford County, WI",7882,7432,450,6,7899,7523,376,5,7905,7579,326,4,7862,7575,287,4,7614,7308,306,4,7457,6907,550,7,7518,7186,332,4,53309,82
55025,WI,"Dane County, WI",310088,300430,9658,3,316992,308144,8848,3,321487,313791,7696,2,321110,313959,7151,2,325885,318339,7546,2,324532,308816,15716,5,331664,322279,9385,3,74829,115
55027,WI,"Dodge County, WI",47425,45384,2041,4,47741,46043,1698,4,48559,47160,1399,3,48132,46878,1254,3,47687,46321,1366,3,47884,45349,2535,5,48501,46971,1530,3,65540,101
55029,WI,"Door County, WI",15436,14433,1003,7,15457,14712,745,5,15617,15023,594,4,15468,14919,549,4,15389,14839,550,4,15125,14089,1036,7,15656,14973,683,4,61319,95
55031,WI,"Douglas County, WI",23293,22165,1128,5,23499,22295,1204,5,23619,22575,1044,4,23294,22378,916,4,23137,22217,920,4,23453,21315,2138,9,23110,22100,1010,4,60898,94
55033,WI,"Dunn County, WI",23715,22673,1042,4,24257,23290,967,4,24523,23728,795,3,24451,23712,739,3,24246,23430,816,3,23890,22559,1331,6,24274,23412,862,4,61880,95
55035,WI,"Eau Claire County, WI",58024,55864,2160,4,58728,56769,1959,3,59484,57765,1719,3,59263,57728,1535,3,59093,57380,1713,3,59026,55713,3313,6,60074,58133,1941,3,67409,104
55037,WI,"Florence County, WI",2206,2061,145,7,2221,2093,128,6,2295,2188,107,5,2276,2189,87,4,2220,2120,100,5,2209,2032,177,8,2244,2137,107,5,50420,78
55039,WI,"Fond du Lac County, WI",56896,54630,2266,4,56786,54835,1951,3,57223,55611,1612,3,57429,55920,1509,3,57497,55886,1611,3,56385,53054,3331,6,57149,55311,1838,3,69280,107
55041,WI,"Forest County, WI",3984,3693,291,7,3987,3745,242,6,4038,3836,202,5,3988,3798,190,5,4026,3828,198,5,3934,3437,497,13,3957,3692,265,7,54555,84
55043,WI,"Grant County, WI",28094,26891,1203,4,28126,27054,1072,4,28280,27397,883,3,28337,27550,787,3,27894,27037,857,3,27619,26171,1448,5,27648,26817,831,3,55779,86
55045,WI,"Green County, WI",21042,20259,783,4,21153,20466,687,3,21192,20615,577,3,21134,20595,539,3,21160,20583,577,3,20491,19488,1003,5,20919,20290,629,3,75666,117
55047,WI,"Green Lake County, WI",9966,9439,527,5,9733,9270,463,5,9740,9378,362,4,9739,9418,321,3,9494,9144,350,4,9328,8686,642,7,9386,8980,406,4,61406,95
55049,WI,"Iowa County, WI",13659,13093,566,4,13661,13195,466,3,13844,13440,404,3,13839,13481,358,3,13738,13362,376,3,13568,12733,835,6,13712,13249,463,3,75075,116
55051,WI,"Iron County, WI",2612,2388,224,9,2629,2438,191,7,2615,2455,160,6,2583,2434,149,6,2550,2403,147,6,2578,2285,293,11,2580,2415,165,6,48614,75
55053,WI,"Jackson County, WI",10321,9840,481,5,10298,9859,439,4,10456,10109,347,3,10601,10275,326,3,10288,9910,378,4,10020,9085,935,9,9616,9120,496,5,57164,88
55055,WI,"Jefferson County, WI",45541,43657,1884,4,45585,43852,1733,4,45756,44308,1448,3,46214,44900,1314,3,46051,44685,1366,3,45622,43114,2508,6,46726,45172,1554,3,71772,111
55057,WI,"Juneau County, WI",13475,12799,676,5,13498,12916,582,4,13631,13181,450,3,13552,13142,410,3,13514,13088,426,3,13459,12485,974,7,13532,12951,581,4,56025,86
55059,WI,"Kenosha County, WI",87124,82773,4351,5,88081,84061,4020,5,89686,86235,3451,4,89794,86650,3144,4,90410,87016,3394,4,90015,83601,6414,7,91211,87289,3922,4,70368,108
55061,WI,"Kewaunee County, WI",10867,10433,434,4,11005,10611,394,4,11222,10878,344,3,11239,10918,321,3,11050,10712,338,3,10744,10247,497,5,10882,10572,310,3,69077,106
55063,WI,"La Crosse County, WI",66464,63958,2506,4,67388,65012,2376,4,67867,65900,1967,3,67166,65420,1746,3,66408,64578,1830,3,66060,62474,3586,5,67244,65207,2037,3,63298,98
55065,WI,"Lafayette County, WI",9725,9376,349,4,9818,9514,304,3,10186,9930,256,3,10246,10013,233,2,10136,9881,255,3,9924,9498,426,4,10241,9976,265,3,65235,101
55067,WI,"Langlade County, WI",9447,8886,561,6,9548,9064,484,5,9671,9266,405,4,9515,9141,374,4,9338,8969,369,4,9402,8789,613,7,9521,9091,430,5,55259,85
55069,WI,"Lincoln County, WI",15217,14475,742,5,15218,14570,648,4,15544,14996,548,4,15319,14843,476,3,15115,14582,533,4,14875,13990,885,6,14926,14379,547,4,61066,94
55071,WI,"Manitowoc County, WI",41789,39741,2048,5,41731,39977,1754,4,41833,40370,1463,4,41355,40087,1268,3,41088,39761,1327,3,40918,38371,2547,6,41403,39988,1415,3,62734,97
55073,WI,"Marathon County, WI",73287,70401,2886,4,73437,70883,2554,4,74098,71936,2162,3,74184,72236,1948,3,73718,71689,2029,3,73260,69592,3668,5,74339,72132,2207,3,67074,103
55075,WI,"Marinette County, WI",20691,19515,1176,6,20173,19094,1079,5,19816,18946,870,4,19670,18887,783,4,19494,18645,849,4,19762,18215,1547,8,19634,18777,857,4,56236,87
55077,WI,"Marquette County, WI",7476,7028,448,6,7532,7159,373,5,7628,7338,290,4,7721,7450,271,4,7763,7473,290,4,7758,7235,523,7,7840,7493,347,4,52450,81
55078,WI,"Menominee County, WI",1598,1447,151,9,1569,1452,117,8,1612,1517,95,6,1631,1537,94,6,1598,1473,125,8,1666,1407,259,16,1593,1456,137,9,41365,64
55079,WI,"Milwaukee County, WI",475735,448993,26742,6,475320,452193,23127,5,476413,457332,19081,4,470208,453165,17043,4,467554,449725,17829,4,468910,429967,38943,8,469201,443758,25443,5,52281,81
55081,WI,"Monroe County, WI",22778,21787,991,4,22965,22110,855,4,23591,22903,688,3,23627,22985,642,3,23468,22798,670,3,23640,22318,1322,6,23783,23013,770,3,63671,98
55083,WI,"Oconto County, WI",20288,19266,1022,5,20406,19527,879,4,20705,19980,725,4,20837,20156,681,3,20584,19876,708,3,20670,19369,1301,6,20816,20039,777,4,65981,102
55085,WI,"Oneida County, WI",18582,17536,1046,6,18531,17654,877,5,18413,17716,697,4,18212,17570,642,4,17948,17213,735,4,18086,16774,1312,7,18205,17422,783,4,59631,92
55087,WI,"Outagamie County, WI",101717,97778,3939,4,103617,100040,3577,4,104295,101177,3118,3,103706,100823,2883,3,103721,100792,2929,3,104152,98393,5759,6,105055,101769,3286,3,70727,109
55089,WI,"Ozaukee County, WI",48129,46393,1736,4,48924,47327,1597,3,49310,47960,1350,3,49431,48192,1239,3,49283,47943,1340,3,48975,46310,2665,5,49395,47882,1513,3,83274,128
55091,WI,"Pepin County, WI",4097,3930,167,4,4155,4001,154,4,4228,4081,147,4,4238,4102,136,3,4166,4020,146,4,4140,3897,243,6,4129,3990,139,3,65068,100
55093,WI,"Pierce County, WI",24077,23152,925,4,24617,23645,972,4,25238,24398,840,3,25552,24743,809,3,25445,24626,819,3,25010,23256,1754,7,25048,24184,864,3,80523,124
55095,WI,"Polk County, WI",24544,23386,1158,5,24806,23701,1105,5,24912,23984,928,4,24662,23758,904,4,24644,23700,944,4,24772,22992,1780,7,25025,23985,1040,4,65258,101
55097,WI,"Portage County, WI",39484,37715,1769,5,39386,37920,1466,4,39737,38527,1210,3,39206,38039,1167,3,38677,37481,1196,3,37941,35883,2058,5,38366,37021,1345,4,67228,104
55099,WI,"Price County, WI",6834,6537,297,4,6864,6576,288,4,6814,6561,253,4,6655,6410,245,4,6480,6208,272,4,6289,5860,429,7,6341,6075,266,4,47172,73
55101,WI,"Racine County, WI",99081,93644,5437,6,99453,94662,4791,5,99964,95938,4026,4,99492,95909,3583,4,98894,95042,3852,4,98515,91314,7201,7,98979,94312,4667,5,66562,103
55103,WI,"Richland County, WI",9271,8891,380,4,9240,8901,339,4,9313,9037,276,3,9326,9084,242,3,9234,8958,276,3,9129,8661,468,5,9076,8758,318,4,53970,83
55105,WI,"Rock County, WI",83122,78910,4212,5,83884,80279,3605,4,85513,82375,3138,4,85275,82522,2753,3,85861,82813,3048,4,85964,79829,6135,7,86855,82991,3864,4,66138,102
55107,WI,"Rusk County, WI",6978,6605,373,5,6983,6634,349,5,7008,6700,308,4,6978,6703,275,4,6746,6433,313,5,6623,6181,442,7,6633,6340,293,4,50922,79
55109,WI,"St. Croix County, WI",48697,46875,1822,4,49537,47714,1823,4,50311,48755,1556,3,50635,49115,1520,3,50917,49302,1615,3,50854,47270,3584,7,50927,49212,1715,3,82797,128
55111,WI,"Sauk County, WI",35218,33806,1412,4,35144,33921,1223,4,35643,34615,1028,3,35682,34777,905,3,35779,34788,991,3,34747,32125,2622,8,34936,33522,1414,4,65746,101
55113,WI,"Sawyer County, WI",7787,7187,600,8,7893,7413,480,6,8019,7649,370,5,7977,7636,341,4,8026,7664,362,5,8027,7393,634,8,8109,7696,413,5,50319,78
55115,WI,"Shawano County, WI",21231,20221,1010,5,21235,20375,860,4,21510,20824,686,3,21475,20834,641,3,21147,20499,648,3,20976,19627,1349,6,21183,20394,789,4,58088,90
55117,WI,"Sheboygan County, WI",61110,58857,2253,4,61579,59535,2044,3,62758,61028,1730,3,62736,61177,1559,3,62462,60834,1628,3,62077,58505,3572,6,62287,60350,1937,3,64104,99
55119,WI,"Taylor County, WI",10672,10214,458,4,11048,10605,443,4,11141,10759,382,3,11069,10729,340,3,10977,10594,383,4,11097,10555,542,5,11197,10823,374,3,55370,85
55121,WI,"Trempealeau County, WI",16576,15943,633,4,16622,16024,598,4,16519,16018,501,3,16368,15906,462,3,16013,15465,548,3,15801,14690,1111,7,15613,15033,580,4,59749,92
55123,WI,"Vernon County, WI",15456,14836,620,4,15716,15158,558,4,15777,15294,483,3,15513,15071,442,3,15456,14975,481,3,15096,14305,791,5,15531,15029,502,3,56561,87
55125,WI,"Vilas County, WI",9970,9287,683,7,9943,9394,549,6,10191,9753,438,4,10183,9785,398,4,10255,9844,411,4,10419,9667,752,7,10564,10064,500,5,54619,84
55127,WI,"Walworth County, WI",56843,54266,2577,5,57550,55307,2243,4,58110,56223,1887,3,58449,56744,1705,3,58029,56215,1814,3,57061,53583,3478,6,58402,56288,2114,4,67656,104
55129,WI,"Washburn County, WI",7935,7519,416,5,7952,7566,386,5,7938,7629,309,4,7941,7635,306,4,7850,7546,304,4,7878,7334,544,7,7983,7621,362,5,54132,83
55131,WI,"Washington County, WI",75890,73109,2781,4,77012,74493,2519,3,77965,75813,2152,3,77835,75867,1968,3,77692,75579,2113,3,76822,72478,4344,6,77152,74781,2371,3,81659,126
55133,WI,"Waukesha County, WI",220891,212689,8202,4,224280,216710,7570,3,226787,220266,6521,3,226496,220529,5967,3,226336,220051,6285,3,224176,211634,12542,6,225548,218557,6991,3,92359,142
55135,WI,"Waupaca County, WI",26970,25748,1222,5,26902,25864,1038,4,26675,25833,842,3,26345,25575,770,3,26015,25207,808,3,25800,24368,1432,6,26182,25262,920,4,67078,103
55137,WI,"Waushara County, WI",11454,10751,703,6,11447,10886,561,5,11445,10994,451,4,11641,11240,401,3,11470,11026,444,4,11116,10404,712,6,11394,10913,481,4,58929,91
55139,WI,"Winnebago County, WI",91233,87453,3780,4,92838,89604,3234,4,93894,91113,2781,3,92461,89949,2512,3,91860,89227,2633,3,92380,87328,5052,6,93109,90123,2986,3,64653,100
55141,WI,"Wood County, WI",34328,32481,1847,5,34518,32929,1589,5,35117,33816,1301,4,35339,34134,1205,3,35249,33968,1281,4,34855,32511,2344,7,34769,33241,1528,4,54154,83
56001,WY,"Albany County, WY",20471,19836,635,3,20975,20299,676,3,20520,19914,606,3,20450,19773,677,3,20511,19862,649,3,20572,19810,762,4,20767,20086,681,3,59179,88
56003,WY,"Big Horn County, WY",5513,5272,241,4,5540,5263,277,5,5375,5140,235,4,5290,5040,250,5,5226,4993,233,5,5293,5028,265,5,5316,5081,235,4,54684,81
56005,WY,"Campbell County, WY",25599,24606,993,4,24415,22648,1767,7,23092,21934,1158,5,23103,22156,947,4,23314,22424,890,4,23166,21591,1575,7,22000,20842,1158,5,85022,126
56007,WY,"Carbon County, WY",8368,8061,307,4,8363,7969,394,5,7924,7597,327,4,7887,7592,295,4,7799,7527,272,4,7925,7562,363,5,7884,7579,305,4,66589,99
56009,WY,"Converse County, WY",8247,7949,298,4,7879,7385,494,6,7503,7159,344,5,7673,7390,283,4,8658,8406,252,3,8000,7528,472,6,7496,7132,364,5,79304,118
56011,WY,"Crook County, WY",3679,3552,127,4,3740,3567,173,5,3694,3560,134,4,3741,3620,121,3,3745,3622,123,3,3841,3693,148,4,3833,3704,129,3,67443,100
56013,WY,"Fremont County, WY",20074,18977,1097,6,20040,18591,1449,7,19414,18306,1108,6,18986,17993,993,5,18798,17941,857,5,19017,17833,1184,6,18927,18039,888,5,52010,77
56015,WY,"Goshen County, WY",7023,6795,228,3,7029,6784,245,4,6940,6734,206,3,6861,6633,228,3,6479,6232,247,4,6505,6225,280,4,6531,6304,227,4,51398,76
56017,WY,"Hot Springs County, WY",2380,2282,98,4,2425,2308,117,5,2339,2245,94,4,2239,2157,82,4,2194,2116,78,4,2229,2119,110,5,2246,2159,87,4,48864,73
56019,WY,"Johnson County, WY",4167,3966,201,5,4207,3981,226,5,4208,4027,181,4,4255,4085,170,4,4169,4012,157,4,4173,3944,229,6,4242,4068,174,4,62671,93
56021,WY,"Laramie County, WY",48225,46341,1884,4,48803,46765,2038,4,48342,46519,1823,4,48410,46535,1875,4,49452,47695,1757,4,50114,47565,2549,5,49373,47397,1976,4,69450,103
56023,WY,"Lincoln County, WY",8343,7955,388,5,8725,8313,412,5,8771,8440,331,4,8824,8488,336,4,9040,8727,313,4,9294,8831,463,5,9514,9154,360,4,73062,109
56025,WY,"Natrona County, WY",42482,40431,2051,5,41016,38073,2943,7,39647,37509,2138,5,39451,37622,1829,5,40119,38500,1619,4,40081,36982,3099,8,39057,36688,2369,6,65901,98
56027,WY,"Niobrara County, WY",1317,1278,39,3,1338,1294,44,3,1304,1267,37,3,1287,1251,36,3,1228,1193,35,3,1233,1188,45,4,1259,1214,45,4,52837,79
56029,WY,"Park County, WY",15637,14974,663,4,15931,15174,757,5,15735,15045,690,4,15663,14979,684,4,15366,14720,646,4,15203,14385,818,5,15562,14926,636,4,63093,94
56031,WY,"Platte County, WY",4871,4683,188,4,4775,4544,231,5,4787,4605,182,4,4805,4625,180,4,4567,4403,164,4,4580,4351,229,5,4508,4327,181,4,60178,89
56033,WY,"Sheridan County, WY",15799,15139,660,4,16127,15363,764,5,15843,15205,638,4,15806,15165,641,4,15592,15020,572,4,16002,15210,792,5,16018,15344,674,4,59947,89
56035,WY,"Sublette County, WY",4531,4298,233,5,4232,3958,274,7,4268,4071,197,5,4269,4086,183,4,4083,3891,192,5,4020,3730,290,7,3990,3766,224,6,82442,123
56037,WY,"Sweetwater County, WY",22556,21509,1047,5,22140,20794,1346,6,21620,20612,1008,5,21383,20486,897,4,21285,20430,855,4,20503,18998,1505,7,19449,18360,1089,6,70583,105
56039,WY,"Teton County, WY",14574,14016,558,4,15247,14715,532,4,15457,15007,450,3,15467,15002,465,3,15867,15417,450,3,15138,14251,887,6,15886,15375,511,3,92488,138
56041,WY,"Uinta County, WY",9593,9120,473,5,9426,8876,550,6,9132,8703,429,5,9070,8676,394,4,9219,8852,367,4,9102,8532,570,6,8832,8389,443,5,71246,106
56043,WY,"Washakie County, WY",4233,4058,175,4,4214,4013,201,5,4125,3954,171,4,4077,3904,173,4,3878,3717,161,4,3945,3739,206,5,3978,3819,159,4,58532,87
56045,WY,"Weston County, WY",3930,3798,132,3,3960,3761,199,5,3765,3611,154,4,3786,3652,134,4,3793,3679,114,3,3789,3645,144,4,3741,3622,119,3,58901,88
72001,PR,"Adjuntas Municipio, PR",4385,3608,777,18,4470,3717,753,17,4368,3710,658,15,4036,3484,552,14,4182,3545,637,15,,,,,4475,3967,508,11,,
72003,PR,"Aguada Municipio, PR",11826,10172,1654,14,11907,10245,1662,14,11868,10334,1534,13,11848,10534,1314,11,11947,10744,1203,10,,,,,12927,11801,1126,9,,
72005,PR,"Aguadilla Municipio, PR",14768,12694,2074,14,14906,12689,2217,15,14891,12732,2159,15,14663,12846,1817,12,14494,13004,1490,10,,,,,15629,14194,1435,9,,
72007,PR,"Aguas Buenas Municipio, PR",6828,5830,998,15,6787,5814,973,14,6616,5789,827,13,6485,5832,653,10,6518,5918,600,9,,,,,6988,6347,641,9,,
72009,PR,"Aibonito Municipio, PR",6648,5678,970,15,6673,5680,993,15,6575,5643,932,14,6434,5667,767,12,6469,5793,676,10,,,,,6712,6149,563,8,,
72011,PR,"Anasco Municipio, PR",8857,7702,1155,13,8893,7749,1144,13,8952,7831,1121,13,8812,7966,846,10,8885,8137,748,8,,,,,9704,8940,764,8,,
72013,PR,"Arecibo Municipio, PR",23927,20600,3327,14,23997,20832,3165,13,23532,20772,2760,12,23268,20853,2415,10,23907,21618,2289,10,,,,,25670,23507,2163,8,,
72015,PR,"Arroyo Municipio, PR",5191,4213,978,19,5140,4187,953,19,5000,4113,887,18,4629,3995,634,14,4716,4086,630,13,,,,,4967,4514,453,9,,
72017,PR,"Barceloneta Municipio, PR",5908,5010,898,15,5863,5034,829,14,5884,5060,824,14,5829,5143,686,12,5962,5291,671,11,,,,,6363,5718,645,10,,
72019,PR,"Barranquitas Municipio, PR",7422,6439,983,13,7480,6521,959,13,7372,6535,837,11,7360,6612,748,10,7418,6777,641,9,,,,,7712,7066,646,8,,
72021,PR,"Bayamon Municipio, PR",67355,61093,6262,9,66356,60399,5957,9,64846,59877,4969,8,64180,59816,4364,7,64580,60515,4065,6,,,,,69864,64650,5214,8,,
72023,PR,"Cabo Rojo Municipio, PR",14132,12404,1728,12,14168,12405,1763,12,13946,12047,1899,14,13617,12195,1422,10,13596,12417,1179,9,,,,,15042,13772,1270,8,,
72025,PR,"Caguas Municipio, PR",48445,43426,5019,10,48264,43281,4983,10,47504,43195,4309,9,47283,43609,3674,8,47664,44432,3232,7,,,,,51110,47653,3457,7,,
72027,PR,"Camuy Municipio, PR",9429,8217,1212,13,9505,8330,1175,12,9387,8297,1090,12,9312,8395,917,10,9509,8696,813,9,,,,,10241,9478,763,8,,
72029,PR,"Canovanas Municipio, PR",16270,14358,1912,12,16274,14404,1870,12,16013,14452,1561,10,15935,14682,1253,8,16116,15058,1058,7,,,,,17540,16282,1258,7,,
72031,PR,"Carolina Municipio, PR",62770,57222,5548,9,62164,56791,5373,9,61105,56351,4754,8,60752,56627,4125,7,60969,57379,3590,6,,,,,66051,61276,4775,7,,
72033,PR,"Catano Municipio, PR",8048,7207,841,10,7912,7119,793,10,7782,7076,706,9,7723,7103,620,8,7762,7202,560,7,,,,,8412,7720,692,8,,
72035,PR,"Cayey Municipio, PR",16237,14493,1744,11,16220,14480,1740,11,16107,14479,1628,10,15884,14655,1229,8,16084,14954,1130,7,,,,,17165,16142,1023,6,,
72037,PR,"Ceiba Municipio, PR",3866,3331,535,14,3798,3301,497,13,3774,3265,509,14,3777,3263,514,14,3673,3289,384,11,,,,,3854,3509,345,9,,
72039,PR,"Ciales Municipio, PR",3915,3235,680,17,3839,3220,619,16,3834,3215,619,16,3682,3223,459,13,3678,3271,407,11,,,,,3941,3479,462,12,,
72041,PR,"Cidra Municipio, PR",15546,14001,1545,10,15580,13986,1594,10,15246,13964,1282,8,15273,14114,1159,8,15455,14400,1055,7,,,,,16380,15454,926,6,,
72043,PR,"Coamo Municipio, PR",11020,8939,2081,19,10868,8903,1965,18,10349,8669,1680,16,9913,8540,1373,14,9909,8686,1223,12,,,,,10923,9935,988,9,,
72045,PR,"Comerio Municipio, PR",5155,4370,785,15,5072,4389,683,14,4948,4366,582,12,4869,4368,501,10,4899,4462,437,9,,,,,5242,4765,477,9,,
72047,PR,"Corozal Municipio, PR",9419,8152,1267,14,9250,8114,1136,12,9013,7994,1019,11,8884,8046,838,9,8921,8106,815,9,,,,,9558,8584,974,10,,
72049,PR,"Culebra Municipio, PR",844,813,31,4,896,866,30,3,912,872,40,4,894,855,39,4,896,868,28,3,,,,,953,894,59,6,,
72051,PR,"Dorado Municipio, PR",12803,11802,1001,8,12924,11882,1042,8,12819,11936,883,7,12884,12134,750,6,13255,12502,753,6,,,,,14425,13556,869,6,,
72053,PR,"Fajardo Municipio, PR",11552,9848,1704,15,11285,9728,1557,14,11112,9630,1482,13,11176,9601,1575,14,10866,9697,1169,11,,,,,11387,10321,1066,9,,
72054,PR,"Florida Municipio, PR",3400,2892,508,15,3370,2882,488,15,3359,2879,480,14,3298,2906,392,12,3311,2951,360,11,,,,,3512,3150,362,10,,
72055,PR,"Guanica Municipio, PR",4204,3380,824,20,4142,3394,748,18,4053,3312,741,18,3927,3320,607,16,3978,3388,590,15,,,,,4284,3696,588,14,,
72057,PR,"Guayama Municipio, PR",12242,10123,2119,17,12052,10076,1976,16,11746,9908,1838,16,11072,9599,1473,13,11144,9801,1343,12,,,,,11695,10793,902,8,,
72059,PR,"Guayanilla Municipio, PR",5319,4284,1035,20,5292,4302,990,19,5085,4251,834,16,4929,4219,710,14,5066,4365,701,14,,,,,5334,4754,580,11,,
72061,PR,"Guaynabo Municipio, PR",37218,35051,2167,6,37190,34975,2215,6,36752,34813,1939,5,36813,35198,1615,4,37417,35881,1536,4,,,,,40599,38733,1866,5,,
72063,PR,"Gurabo Municipio, PR",17292,15789,1503,9,17513,16026,1487,9,17559,16277,1282,7,17832,16693,1139,6,18388,17349,1039,6,,,,,19938,18907,1031,5,,
72065,PR,"Hatillo Municipio, PR",13064,11024,2040,16,13323,11253,2070,16,13086,11258,1828,14,13158,11488,1670,13,13702,12035,1667,12,,,,,14310,13197,1113,8,,
72067,PR,"Hormigueros Municipio, PR",5583,4934,649,12,5621,4933,688,12,5538,4833,705,13,5418,4886,532,10,5406,4942,464,9,,,,,5988,5462,526,9,,
72069,PR,"Humacao Municipio, PR",17646,15044,2602,15,17467,15004,2463,14,17374,14948,2426,14,17054,15084,1970,12,17175,15444,1731,10,,,,,18437,16967,1470,8,,
72071,PR,"Isabela Municipio, PR",12313,10760,1553,13,12613,10835,1778,14,12599,10912,1687,13,12379,11067,1312,11,12453,11331,1122,9,,,,,12774,11742,1032,8,,
72073,PR,"Jayuya Municipio, PR",4158,3543,615,15,4221,3675,546,13,4249,3697,552,13,4119,3681,438,11,4243,3645,598,14,,,,,4565,3990,575,13,,
72075,PR,"Juana Diaz Municipio, PR",15758,13369,2389,15,15597,13338,2259,15,15029,13090,1939,13,14823,13270,1553,11,15147,13643,1504,10,,,,,16686,15444,1242,7,,
72077,PR,"Juncos Municipio, PR",12478,10743,1735,14,12462,10817,1645,13,12321,10898,1423,12,12184,11028,1156,10,12367,11338,1029,8,,,,,13318,12218,1100,8,,
72079,PR,"Lajas Municipio, PR",5609,4603,1006,18,5631,4580,1051,19,5473,4409,1064,19,5236,4434,802,15,5184,4521,663,13,,,,,5643,4943,700,12,,
72081,PR,"Lares Municipio, PR",7358,5860,1498,20,7412,5980,1432,19,7235,5888,1347,19,6975,5847,1128,16,6963,5937,1026,15,,,,,7483,6456,1027,14,,
72083,PR,"Las Marias Municipio, PR",2887,2401,486,17,2865,2439,426,15,2802,2224,578,21,2620,2250,370,14,2672,2365,307,12,,,,,2872,2531,341,12,,
72085,PR,"Las Piedras Municipio, PR",11350,9757,1593,14,11365,9835,1530,14,11244,9897,1347,12,11147,10070,1077,10,11417,10404,1013,9,,,,,12197,11265,932,8,,
72087,PR,"Loiza Municipio, PR",8793,7760,1033,12,8654,7675,979,11,8428,7619,809,10,8310,7619,691,8,8347,7708,639,8,,,,,8974,8187,787,9,,
72089,PR,"Luquillo Municipio, PR",6455,5451,1004,16,6333,5434,899,14,6223,5424,799,13,6337,5483,854,14,6202,5613,589,10,,,,,6622,6035,587,9,,
72091,PR,"Manati Municipio, PR",11674,10291,1383,12,11648,10295,1353,12,11505,10282,1223,11,11381,10401,980,9,11448,10534,914,8,,,,,12005,11097,908,8,,
72093,PR,"Maricao Municipio, PR",1855,1549,306,17,1955,1657,298,15,2024,1618,406,20,1904,1617,287,15,1916,1654,262,14,,,,,2074,1824,250,12,,
72095,PR,"Maunabo Municipio, PR",3038,2478,560,18,3020,2466,554,18,2949,2439,510,17,2895,2454,441,15,2929,2487,442,15,,,,,2997,2651,346,12,,
72097,PR,"Mayaguez Municipio, PR",23411,20248,3163,14,23225,20039,3186,14,22579,19422,3157,14,21958,19459,2499,11,21768,19462,2306,11,,,,,23566,21510,2056,9,,
72099,PR,"Moca Municipio, PR",10641,8981,1660,16,10745,9073,1672,16,10707,9133,1574,15,10516,9280,1236,12,10498,9401,1097,10,,,,,11323,10258,1065,9,,
72101,PR,"Morovis Municipio, PR",8137,6992,1145,14,8119,7027,1092,13,8028,7032,996,12,7888,7122,766,10,8015,7288,727,9,,,,,8636,7848,788,9,,
72103,PR,"Naguabo Municipio, PR",8088,7023,1065,13,8086,7089,997,12,8013,7120,893,11,8157,7254,903,11,8237,7509,728,9,,,,,8818,8162,656,7,,
72105,PR,"Naranjito Municipio, PR",7307,6308,999,14,7260,6319,941,13,7155,6308,847,12,7064,6371,693,10,7080,6483,597,8,,,,,7691,6884,807,11,,
72107,PR,"Orocovis Municipio, PR",5254,4396,858,16,5204,4397,807,16,5096,4369,727,14,4995,4380,615,12,4947,4441,506,10,,,,,5169,4645,524,10,,
72109,PR,"Patillas Municipio, PR",4847,3837,1010,21,4813,3820,993,21,4643,3728,915,20,4380,3611,769,18,4339,3662,677,16,,,,,4507,4013,494,11,,
72111,PR,"Penuelas Municipio, PR",6247,5155,1092,18,6120,5099,1021,17,5994,4946,1048,18,5759,4965,794,14,5885,5053,832,14,,,,,6091,5427,664,11,,
72113,PR,"Ponce Municipio, PR",48408,41686,6722,14,47812,41397,6415,13,45598,40291,5307,12,44731,40331,4400,10,45327,40931,4396,10,,,,,48561,44233,4328,9,,
72115,PR,"Quebradillas Municipio, PR",6038,5025,1013,17,6079,5109,970,16,6062,5105,957,16,5998,5171,827,14,6090,5381,709,12,,,,,6487,5894,593,9,,
72117,PR,"Rincon Municipio, PR",4639,3874,765,17,4631,3908,723,16,4664,3951,713,15,4713,4042,671,14,4775,4121,654,14,,,,,4983,4549,434,9,,
72119,PR,"Rio Grande Municipio, PR",17061,15297,1764,10,17095,15303,1792,11,16953,15308,1645,10,16916,15360,1556,9,16903,15669,1234,7,,,,,18349,16835,1514,8,,
72121,PR,"Sabana Grande Municipio, PR",6366,5425,941,15,6446,5424,1022,16,6369,5296,1073,17,6119,5267,852,14,6105,5307,798,13,,,,,6440,5789,651,10,,
72123,PR,"Salinas Municipio, PR",7897,5992,1905,24,7568,5928,1640,22,7481,6080,1401,19,7149,6094,1055,15,7114,6081,1033,15,,,,,7440,6664,776,10,,
72125,PR,"San German Municipio, PR",10330,8872,1458,14,10356,8775,1581,15,10017,8447,1570,16,9652,8474,1178,12,9674,8580,1094,11,,,,,10384,9395,989,10,,
72127,PR,"San Juan Municipio, PR",135762,125441,10321,8,135159,124495,10664,8,132504,123201,9303,7,131883,123646,8237,6,132548,125161,7387,6,,,,,143839,134397,9442,7,,
72129,PR,"San Lorenzo Municipio, PR",11979,10410,1569,13,11910,10418,1492,13,11908,10381,1527,13,11626,10453,1173,10,11686,10661,1025,9,,,,,12332,11384,948,8,,
72131,PR,"San Sebastian Municipio, PR",10677,8555,2122,20,10721,8694,2027,19,10576,8709,1867,18,10271,8767,1504,15,10330,8923,1407,14,,,,,10938,9629,1309,12,,
72133,PR,"Santa Isabel Municipio, PR",9533,7791,1742,18,9898,8244,1654,17,9738,8420,1318,14,8667,7553,1114,13,8838,7868,970,11,,,,,9292,8433,859,9,,
72135,PR,"Toa Alta Municipio, PR",26336,24140,2196,8,26551,24343,2208,8,26566,24512,2054,8,26687,25013,1674,6,27324,25786,1538,6,,,,,29869,27968,1901,6,,
72137,PR,"Toa Baja Municipio, PR",30030,27316,2714,9,29753,27071,2682,9,29185,26823,2362,8,28836,26929,1907,7,28942,27265,1677,6,,,,,31133,29024,2109,7,,
72139,PR,"Trujillo Alto Municipio, PR",27212,25308,1904,7,27127,25174,1953,7,26623,25045,1578,6,26549,25168,1381,5,26914,25604,1310,5,,,,,29106,27464,1642,6,,
72141,PR,"Utuado Municipio, PR",6925,5817,1108,16,6885,5817,1068,16,6756,5813,943,14,6625,5858,767,12,6655,5904,751,11,,,,,7016,6364,652,9,,
72143,PR,"Vega Alta Municipio, PR",9872,8719,1153,12,9878,8740,1138,12,9785,8738,1047,11,9592,8747,845,9,9752,8960,792,8,,,,,10567,9596,971,9,,
72145,PR,"Vega Baja Municipio, PR",13820,11921,1899,14,13733,11829,1904,14,13414,11746,1668,12,13159,11787,1372,10,13174,11912,1262,10,,,,,14185,12742,1443,10,,
72147,PR,"Vieques Municipio, PR",3194,2832,362,11,3260,2914,346,11,3027,2589,438,15,2726,2276,450,17,2551,2368,183,7,,,,,2775,2435,340,12,,
72149,PR,"Villalba Municipio, PR",7802,6262,1540,20,7815,6235,1580,20,7557,6090,1467,19,7335,6174,1161,16,7494,6309,1185,16,,,,,7700,6807,893,12,,
72151,PR,"Yabucoa Municipio, PR",9198,7593,1605,17,9081,7545,1536,17,9000,7512,1488,17,8791,7534,1257,14,8841,7686,1155,13,,,,,9164,8217,947,10,,
72153,PR,"Yauco Municipio, PR",10748,8717,2031,19,10735,8719,2016,19,10160,8409,1751,17,9748,8315,1433,15,9851,8409,1442,15,,,,,10213,9014,1199,12,,